6	4.06914638	25.50193789	71.41902281	139.9962599	231.5198494	346.0209404	483.5467566	644.1346525	827.806683	1034.56102	1265.726568	1517.316189
9	4.06931251	25.50552298	71.43511558	140.0392559	231.6086479	346.178291	483.7985374	644.5091876	828.3341858	1035.273893	1266.254507	1518.477384
13	4.06952664	25.51019543	71.45588875	140.0940837	231.7203587	346.3733597	484.1058006	644.9586367	828.9559436	1036.09824	1266.931921	1519.763617
17	4.06974979	25.51482558	71.47609316	140.1464633	231.8251253	346.5527233	484.3823383	645.3537667	829.4885933	1036.784428	1267.534349	1520.763017
21	4.06997185	25.5193713	71.49561785	140.1961903	231.922634	346.7159587	484.627648	645.6940803	829.9318257	1037.332679	1268.021674	1521.479374
25	4.07019069	25.52380927	71.51440752	140.243175	232.0127669	346.8629472	484.8416857	645.9797898	830.2864996	1037.745262	1268.373537	1521.923132
29	4.07040462	25.52813679	71.53245875	140.2874156	232.0955348	346.9937541	485.0246995	646.2116471	830.5545708	1038.026708	1268.584694	1522.11315
31	4.07051029	25.53026177	71.54121274	140.3085162	232.1341748	347.0531355	485.1047074	646.3077567	830.6570731	1038.120398	1268.639101	1522.12156
35	4.07071789	25.53443768	71.55818963	140.3486992	232.2060096	347.1599756	485.2420998	646.4613934	830.8016484	1038.219629	1268.653967	1521.987817
39	4.07092486	25.53852212	71.57447164	140.386214	232.2706408	347.2511161	485.3499829	646.5654544	830.870277	1038.211542	1268.560365	1521.690288
44	4.07118759	25.54352285	71.5938634	140.4293219	232.3412382	347.3431207	485.4444933	646.6297844	830.8596134	1038.07342	1268.329157	1521.166041
47	4.07133729	25.5464335	71.60498423	140.453306	232.3785762	347.3875385	485.4815169	646.6370013	830.8090811	1037.936199	1268.151765	1520.810572
51	4.07154211	25.5502631	71.61921831	140.4829038	232.4220528	347.4336555	485.5080497	646.6124263	830.6977707	1037.706742	1267.894479	1520.337487
55	4.07175138	25.55400855	71.63276863	140.5098829	232.4586877	347.4657756	485.5108763	646.5541182	830.5471332	1037.444008	1267.638469	1519.910033
60	4.07201563	25.5585815	71.64873087	140.5398828	232.4949704	347.4871707	485.4844298	646.4425847	830.3221451	1037.101987	1267.353806	1519.501621
63	4.07216551	25.56124152	71.65780566	140.5560498	232.5120763	347.4909307	485.4546373	646.3594448	830.1759813	1036.903398	1267.214037	1519.344304
69	4.07247534	25.56643521	71.67476855	140.5839588	232.5355523	347.4791083	485.3688664	646.1700338	829.8841913	1036.559778	1267.023939	1519.256857
74	4.07273891	25.57061586	71.68769808	140.602865	232.5449238	347.4520314	485.2771427	646.001905	829.6633531	1036.355165	1266.965108	1519.410671
77	4.07289034	25.57304368	71.69496205	140.6124675	232.5465149	347.4293069	485.2156898	645.9012669	829.5478023	1036.275728	1266.975034	1519.592064
80	4.07304908	25.5754329	71.7018053	140.6206217	232.5450761	347.402443	485.1517038	645.8051789	829.4506523	1036.232788	1267.016031	1519.823959
86	4.0733567	25.58004139	71.71436841	140.6331253	232.5342011	347.3383071	485.0197629	645.6321377	829.3167719	1036.255242	1267.188484	1520.397595
90	4.07356098	25.58299652	71.72189401	140.638669	232.5215166	347.2897471	484.9332891	645.5376849	829.2777463	1036.346862	1267.359395	1520.811317
94	4.07376414	25.58585739	71.72874743	140.64208	232.5050082	347.2381673	484.8513057	645.4641173	829.2802682	1036.491891	1267.562318	1521.206741
97	4.0739101	25.58793868	71.73346958	140.6433216	232.4903652	347.1981515	484.7939753	645.4238659	829.3088211	1036.630416	1267.728245	1521.471757
100	4.07406647	25.58997178	71.73778525	140.6434092	232.4741169	347.1581478	484.7422071	645.3980591	829.3588671	1036.786841	1267.894074	1521.688358
108	4.07446665	25.59512595	71.7475684	140.6386747	232.4240957	347.0534277	484.6332825	645.3976687	829.5828137	1037.25585	1268.294276	1521.974055
112	4.07466557	25.59756129	71.75151435	140.6337812	232.3964427	347.0046596	484.597835	645.4341437	829.732457	1037.490159	1268.436128	1521.925897
119	4.07500568	25.6015962	71.75696806	140.621635	232.3456418	346.9289261	484.5693159	645.5500382	830.0264574	1037.845858	1268.53873	1521.533941
126	4.07534854	25.60534049	71.76059672	140.60558	232.2944087	346.8701009	484.5846531	645.7178158	830.3205453	1038.07207	1268.426538	1520.83379
129	4.07548992	25.60685987	71.76164166	140.5976507	232.2727121	346.8505613	484.6038993	645.8010344	830.4367209	1038.118437	1268.316844	1326.858529
132	4.07563769	25.60832263	71.76235841	140.5892493	232.2517968	346.8352588	484.6303852	645.8875747	830.5402494	1038.129	1268.175671	1520.118887
140	4.07601768	25.61197317	71.76286731	140.5646802	232.1996056	346.813787	484.7315845	646.1237729	830.7411608	1037.986577	1267.700273	1519.245167
148	4.07639458	25.61525596	71.76142277	140.5379836	232.155409	346.8216023	484.8667179	646.3377409	830.7989925	1037.619212	1267.201323	1518.723674
152	4.07657952	25.61676061	71.76002246	140.5241981	232.1370777	346.8361247	484.9420211	646.425712	830.7678781	1037.373922	1266.987546	1518.652777
155	4.07671572	25.61783345	71.75869555	140.5137298	232.1250656	346.8513355	485.0002834	646.4806888	830.7184619	1037.173312	1266.853513	1518.689509
162	4.07703912	25.62013014	71.75473114	140.4895827	232.104059	346.9001112	485.1349918	646.5625701	830.5227918	1036.692792	1266.650446	1519.054204
168	4.07731051	25.62188654	71.7504508	140.4693754	232.0937671	346.9543844	485.2426896	646.5763462	830.2822255	1036.316134	1266.610263	1519.615913
177	4.07770919	25.62415913	71.74269211	140.4408795	232.0921985	347.0512387	485.3745255	646.4941898	829.8508512	1035.920785	1266.786786	1520.655521
184	4.07801981	25.62562379	71.73573557	140.4210868	232.1024523	347.1332176	485.4406506	646.3516359	829.5142141	1035.816143	1267.098944	1521.389795
192	4.07836696	25.62699167	71.72697604	140.4015352	232.1254314	347.2268696	485.4686447	646.1242525	829.1928137	1035.936576	1267.579546	1521.90291
196	4.07853673	25.6275543	71.72234023	140.393204	232.1410205	347.2712893	485.4620107	645.9939423	829.0754504	1036.085728	1267.833897	1521.973092
200	4.07870926	25.62803792	71.71756984	140.3859236	232.1590311	347.3128365	485.4415037	645.8586108	828.9944345	1036.283875	1268.072889	1521.906093
206	4.07896324	25.62861786	71.7102206	140.3770879	232.1899834	347.3678525	485.3857089	645.6567992	828.9482277	1036.648235	1268.361254	1521.561148
208	4.07904557	25.62877265	71.7077325	140.3747196	232.2011993	347.3838415	485.3608493	645.5922643	828.9536254	1036.78099	1268.43029	1521.389621
214	4.07929478	25.62912585	71.70019968	140.3693988	232.2369697	347.4235332	485.2696452	645.4149159	829.0310425	1037.18778	1268.534864	1520.755393
217	4.07941717	25.62924287	71.69639792	140.3677197	232.2558187	347.4383598	485.215797	645.3383328	829.1023479	1037.385186	1268.525024	1520.398538
226	4.0797848	25.62934463	71.68511267	140.366937	232.3140958	347.4598276	485.031859	645.1766491	829.4221099	1037.875498	1268.253218	1519.378955
228	4.07986561	25.62932029	71.68263176	140.367586	232.3271412	347.4597863	484.9880407	645.1563276	829.5098391	1037.954509	1268.151655	1519.193329
235	4.08014283	25.62910396	71.67408832	140.3721607	232.3720113	347.4455647	484.8329893	645.1343047	829.8425089	1038.117502	1267.725867	1518.753804
237	4.0802212	25.6290048	71.67170903	140.3741226	232.3843869	347.4375059	484.7895413	645.142297	829.9402904	1038.128454	1267.594513	1518.698961
239	4.08030049	25.62889001	71.6693601	140.3763632	232.39649	347.4277255	484.7469883	645.1565335	830.037359	1038.123022	1267.463487	1518.678105
246	4.08057346	25.62836377	71.66143179	140.3863197	232.4360335	347.3806196	484.6093212	645.2530531	830.3556528	1037.977605	1267.040833	1518.869939
254	4.08087982	25.62754022	71.6529823	140.4013803	232.4743591	347.3049795	484.4836041	645.4404822	830.6383096	1037.601793	1266.700075	1519.521883
262	4.08117994	25.62649124	71.6453454	140.4198446	232.5031707	347.2114442	484.4043631	645.6849999	830.7856656	1037.084797	1266.572856	1520.429453
265	4.08129299	25.62604373	71.64270325	140.4275211	232.5111942	347.173068	484.38839	645.7849803	830.7997091	1036.877768	1266.585296	1520.77885
269	4.0814391	25.62540142	71.63941681	140.4382823	232.5192433	347.1203195	484.3796483	645.9197837	830.7813862	1036.608846	1266.65247	1521.208548
277	4.08173204	25.62397193	71.63363422	140.4612721	232.5260196	347.012851	484.4050467	646.1782175	830.623629	1036.150428	1266.949353	1521.823679
279	4.08180414	25.62358565	71.63236158	140.4672523	232.5257165	346.9863222	484.4201016	646.2371941	830.5613639	1036.062119	1267.052953	1521.906958
283	4.08194692	25.6227803	71.63003238	140.4794014	232.5226899	346.9345614	484.4600269	646.3446942	830.4140552	1035.926309	1267.286418	1521.973926
289	4.08215931	25.6214941	71.62709476	140.497899	232.5121488	346.8619948	484.5423112	646.4729467	830.1494602	1035.837016	1267.673807	1521.818391
291	4.08222945	25.62104548	71.62626735	140.5040846	232.507067	346.8396242	484.5750069	646.5053288	830.0536599	1035.839521	1267.803853	1521.701476
297	4.08243576	25.61964336	71.62425037	140.5225141	232.4873135	346.7794525	484.6859029	646.5672788	829.7589544	1035.942802	1268.161947	1521.188701
301	4.08257434	25.6186651	71.62329809	140.534562	232.4705852	346.7460562	484.7680602	646.5774713	829.5677878	1036.08575	1268.349864	1520.748944
310	4.08287971	25.61634766	71.62232095	140.5603516	232.4237579	346.6941135	484.9643257	646.5079518	829.2033365	1036.573679	1268.53659	1519.690484
318	4.08314396	25.61416668	71.62279386	140.5810611	232.373386	346.6777591	485.135382	646.348211	829.007686	1037.108179	1268.383992	1518.958459
324	4.08334002	25.61246748	71.62396854	140.5947556	232.3317742	346.6848141	485.2501864	646.181331	828.9635175	1037.497618	1268.096366	1518.6953
326	4.08340402	25.61189044	71.62451332	140.5989155	232.3174034	346.6908171	485.2844956	646.1192542	828.9695897	1037.615395	1267.976832	1518.673847
333	4.08362682	25.60983235	71.62700779	140.6117188	232.2660034	346.7256447	485.3846531	645.8874684	829.0709171	1037.948248	1267.512913	1518.8652
342	4.08390674	25.60711792	71.63150093	140.6236608	232.200071	346.7989563	485.4579282	645.5893167	829.3603177	1038.127982	1266.948648	1519.623771
346	4.08403006	25.60589103	71.63393645	140.6272223	232.1717957	346.8402746	485.4680156	645.4694774	829.5315651	1038.104085	1266.75473	1520.075653
351	4.08418178	25.604344	71.63733954	140.6300896	232.1380918	346.8979512	485.4603512	645.3397733	829.7671167	1037.984704	1266.584471	1520.665503
356	4.08433272	25.60278781	71.64110535	140.6311124	232.1069121	346.9605361	485.4303765	645.2392525	830.0102315	1037.775997	1266.504404	1521.210887
358	4.08439112	25.60216293	71.64271085	140.6310108	232.0952631	346.9866004	485.412414	645.2084265	830.1060519	1037.67139	1266.498801	1521.401299
368	4.0846842	25.59903083	71.65149403	140.6260732	232.0456807	347.1202816	485.276948	645.1449217	830.5270143	1037.034434	1266.696752	1521.958104
370	4.08474112	25.59840464	71.6533876	140.6242084	232.0377166	347.1468066	485.2420003	645.1510875	830.5928577	1036.897169	1266.779155	1521.973651
376	4.08491092	25.5965307	71.65930389	140.616908	232.0182002	347.2237011	485.1255251	645.2067389	830.7394616	1036.500742	1267.097106	1521.815315
382	4.08507882	25.59466894	71.66552576	140.6071426	232.0056525	347.2940534	484.9972099	645.3140532	830.7988536	1036.16627	1267.487866	1521.378714
389	4.0852701	25.59252041	71.67309403	140.592849	232.0002914	347.3639316	484.8428596	645.493139	830.7499531	1035.910176	1267.956605	1520.627629
395	4.08543264	25.5907059	71.67975833	140.5783397	232.0037834	347.4103267	484.7157664	645.678775	830.6112594	1035.837031	1268.289464	1519.914787
400	4.08556444	25.5892167	71.68538219	140.5648428	232.0123144	347.437903	484.6193812	645.8450102	830.4377625	1035.886866	1268.470114	1519.373986
405	4.08569585	25.58775321	71.69105066	140.5502393	232.0258383	347.4546143	484.5358812	646.0124954	830.2244972	1036.03336	1268.536773	1518.956346
409	4.08580036	25.58660221	71.69557338	140.5378746	232.0400323	347.4597177	484.480752	646.1408473	830.0355514	1036.211334	1268.500489	1518.747947
413	4.08590188	25.58547064	71.70006898	140.5250063	232.0570491	347.4573833	484.4375742	646.259375	829.8396282	1036.432761	1268.387041	1518.670137
420	4.08607683	25.58354015	71.70780242	140.5015724	232.092927	347.4355942	484.3939495	646.4306797	829.5069686	1036.886141	1268.033467	1518.859686
423	4.08615055	25.58273617	71.71105682	140.4912878	232.1104549	347.4196341	484.3884828	646.4863462	829.3778318	1037.090736	1267.839072	1519.05899
431	4.08634677	25.58065837	71.71942674	140.4635801	232.1620788	347.3592714	484.4131492	646.5712944	829.1049264	1037.601976	1267.278936	1519.843065
435	4.08644162	25.57965947	71.7234189	140.4497745	232.189986	347.320504	484.4462577	646.5764911	829.0187852	1037.812234	1267.014766	1520.312119
441	4.08658274	25.57821513	71.72911498	140.4294259	232.2334816	347.2536803	484.5195422	646.5367822	828.9638131	1038.036715	1266.68718	1521.005501
447	4.08671966	25.57683841	71.73440823	140.4098219	232.2778355	347.1790498	484.6171792	646.4431796	829.0020444	1038.127548	1266.476178	1521.573535
452	4.08683476	25.57574424	71.73846579	140.3942925	232.3145124	347.1132041	484.7129292	646.3292668	829.1023778	1038.091975	1266.404732	1521.873693
456	4.08692301	25.5749075	71.74146776	140.3825427	232.3431856	347.0595602	484.7962386	646.2190943	829.2228139	1037.992322	1266.41964	1521.970758
463	4.08707791	25.57352825	71.74614873	140.3637095	232.3907417	346.966912	484.949211	645.9983373	829.5014815	1037.685001	1266.59863	1521.812154
471	4.08724883	25.57208327	71.75051573	140.3453391	232.4389068	346.868862	485.1212591	645.7294673	829.881462	1037.189847	1267.014082	1521.178781
478	4.08739535	25.57093851	71.75341223	140.3324462	232.4738006	346.7954999	485.2556731	645.5082094	830.2165047	1036.714785	1267.495104	1520.385558
485	4.08753924	25.56991635	71.75540987	140.3228823	232.5005416	346.7382964	485.3636336	645.3251612	830.505711	1036.286489	1267.981897	1519.576546
491	4.08765903	25.56913392	71.75636689	140.3174778	232.5161253	346.7045935	485.4282308	645.2136104	830.6861861	1036.012654	1268.315689	1519.02482
496	4.08775661	25.56854804	71.75661777	140.3150128	232.5235801	346.688429	485.4592685	645.1595285	830.7744205	1035.877345	1268.486777	1518.744581
500	4.08783376	25.56812704	71.75646267	140.3144199	232.5258317	346.6837171	485.4682203	645.144078	830.7995389	1035.839147	1268.536375	1518.665638
502	4.08787149	25.5679319	71.7562648	140.3145818	232.5257037	346.6841313	485.4672861	645.1458507	830.7964045	1035.84434	1268.530088	1518.677489
504	4.08791073	25.567747	71.7559864	140.3150493	232.5247397	346.6863925	485.4627454	645.1539531	830.7828159	1035.865705	1268.503044	1518.723468
512	4.08805937	25.56711013	71.75406998	140.3199491	232.5126322	346.7135638	485.4094898	645.2474223	830.6288219	1036.103577	1268.203691	1519.219671
520	4.08820432	25.56663917	71.75088169	140.329569	232.4878969	346.767899	485.3052007	645.4269412	830.3404266	1036.538226	1267.681102	1520.073324
527	4.08832931	25.5663662	71.74707924	140.341647	232.4569142	346.8345774	485.1807793	645.6351978	830.0185527	1037.004657	1267.164561	1520.897406
535	4.08846819	25.5662068	71.74161138	140.359231	232.4124405	346.9274256	485.0141691	645.9016779	829.6305618	1037.528893	1266.654864	1521.651405
543	4.08860171	25.56621149	71.73501923	140.3803475	232.3605361	347.0312908	484.8385636	646.1625794	829.287866	1037.931102	1266.346648	1521.971311
548	4.08868288	25.56629484	71.73035992	140.3950495	232.3254701	347.0983083	484.7324271	646.3062498	829.1244436	1038.0784	1266.28459	1521.897002
553	4.08876478	25.56644548	71.72533208	140.4107187	232.2893016	347.1645659	484.6345657	646.4252509	829.0147407	1038.128706	1266.329896	1521.619161
559	4.08885773	25.56670507	71.71882591	140.4305051	232.2453591	347.2402607	484.5334324	646.5262512	828.9641702	1038.055399	1266.523282	1521.069271
565	4.08895092	25.56705252	71.71186009	140.4510479	232.2020605	347.3087296	484.4557954	646.5741954	829.0067822	1037.846199	1266.851499	1520.381469
569	4.08901169	25.56733169	71.70698742	140.4649866	232.1741693	347.3488856	484.4194329	646.5746274	829.0852912	1037.643927	1267.126337	1519.908543
577	4.08912998	25.56800147	71.69676929	140.4929597	232.1223202	347.4126132	484.3877939	646.5003669	829.3459243	1037.141507	1267.727191	1519.100188
587	4.08927527	25.56904099	71.68329629	140.5269796	232.0682122	347.4553528	484.4282391	646.2837893	829.8006699	1036.479329	1268.341824	1518.661474
590	4.08931516	25.569394	71.67913434	140.5367511	232.0548807	347.4593725	484.457066	646.1979996	829.9480073	1036.304946	1268.452547	1518.691246
591	4.08932881	25.56951689	71.67774911	140.5399481	232.0508075	347.4598165	484.4682729	646.1680101	829.9968402	1036.251688	1268.479726	1518.718335
595	4.08938309	25.5700261	71.67214072	140.5523957	232.0361773	347.4568638	484.5205663	646.0414416	830.1878222	1036.06535	1268.535899	1518.907826
600	4.08945158	25.57070775	71.66506593	140.5670724	232.0220549	347.4428184	484.6010724	645.874741	830.4060129	1035.906087	1268.484498	1519.307119
603	4.089491097	25.57114085	71.66081884	140.5753368	232.0159553	347.4291103	484.6561317	645.7740378	830.5197929	1035.855718	1268.391217	1519.613696
605	4.08951801	25.57143903	71.65798076	140.5805975	232.012882	347.4178087	484.6951889	645.7076446	830.5867112	1035.841953	1268.304947	1519.837682
606	4.08953103	25.57159074	71.65655429	140.5831488	232.0116369	347.41149	484.7153594	645.6747674	830.6172078	1035.841073	1268.254916	1519.954038
611	4.08959647	25.57237799	71.64948806	140.5950703	232.0085913	347.3742841	484.8206606	645.5188821	830.7363464	1035.897656	1267.950878	1520.550829
618	4.08968423	25.57355382	71.63968267	140.6092002	232.0130221	347.3073393	484.974767	645.3335777	830.7997222	1036.135773	1267.424807	1521.319301
624	4.089759	25.57462704	71.63145425	140.6186975	232.0248075	347.2390483	485.1043075	645.2191944	830.7527172	1036.459132	1266.962434	1521.78202
630	4.08983149	25.57575673	71.62344952	140.6255904	232.0436234	347.1637374	485.223274	645.1554337	830.6171565	1036.849973	1266.564207	1521.971521
636	4.0899019	25.57693863	71.61573015	140.6297445	232.0689406	347.0846426	485.3244891	645.1474299	830.4071536	1037.258358	1266.284289	1521.853899
642	4.08997212	25.57816951	71.60835523	140.6310725	232.1000405	347.0051504	485.4018588	645.1959686	830.1442314	1037.631822	1266.155307	1521.452853
644	4.08999505	25.57858971	71.60598311	140.6308788	232.1115431	346.9791541	485.4215013	645.2242044	830.049342	1037.739992	1266.148771	1521.267988
654	4.0901066	25.5807605	71.59485879	140.6251407	232.1758872	346.8584236	485.4682902	645.4437615	829.568748	1038.092822	1266.3932	1520.138986
658	4.09015131	25.58165844	71.59078669	140.6206511	232.2040346	346.8165754	485.462003	645.5607568	829.3937589	1038.128485	1266.610987	1519.679254
667	4.09024545	25.5837299	71.58250686	140.6061804	232.2698342	346.7414983	485.3969362	645.8562349	829.0908168	1037.9745	1267.270119	1518.885506
674	4.09031865	25.58538847	71.57698004	140.5909538	232.3212434	346.7049	485.3023819	646.08978	828.9756065	1037.657383	1267.824638	1518.657547
676	4.09033729	25.58586748	71.57555626	140.5860231	232.3356252	346.6983503	485.2694838	646.1529618	828.9653098	1037.542957	1267.969292	1518.668443
682	4.09039739	25.58731954	71.57171611	140.5697971	232.3772707	346.6896028	485.1583094	646.3246402	828.9968117	1037.159848	1268.324054	1518.902946
690	4.09047616	25.58928204	71.56763505	140.5451781	232.4276168	346.7037135	484.9905093	646.4936849	829.1773475	1036.624332	1268.534859	1519.610995
692	4.09049681	25.58977659	71.56680538	140.5385608	232.4389952	346.7117729	484.9469005	646.5226091	829.2442581	1036.498511	1268.532581	1519.83599
699	4.09056058	25.59151309	71.56450487	140.5142219	232.4741517	346.7533949	484.7955854	646.5761613	829.5303292	1036.12284	1268.351866	1520.670689
703	4.09059882	25.59251165	71.5636268	140.4996065	232.4906042	346.7859417	484.7132538	646.572056	829.7190261	1035.970444	1268.140336	1521.120882
710	4.09066236	25.59426475	71.56286398	140.4731588	232.5122	346.8560696	484.5842847	646.5047839	830.0623202	1035.844201	1267.636369	1521.725423
717	4.09072475	25.59601253	71.56304456	140.4461525	232.5238947	346.9390796	484.4835979	646.3689904	830.3800004	1035.913502	1267.062041	1521.972071
721	4.09076049	25.59701054	71.56358612	140.4306574	232.5259034	346.9905803	484.4419025	646.2658813	830.5328703	1036.038285	1266.748239	1521.925448
723	4.09077685	25.5975086	71.56397311	140.4229391	232.5256113	347.0170264	484.4258874	646.208821	830.5984458	1036.121579	1266.604096	1521.851483
731	4.09084521	25.59949097	71.5662832	140.3925662	232.5158053	347.124431	484.3963577	645.9559558	830.7720962	1036.564918	1266.162496	1521.263642
735	4.090879	25.60047483	71.56788535	140.3778596	232.5058075	347.1772647	484.402988	645.8226002	830.7993466	1036.830074	1266.044102	1520.839792
738	4.09090442	25.60121168	71.56929826	140.3671168	232.4961133	347.215736	484.4174186	645.7231167	830.7921534	1037.036196	1266.006401	1520.490906
745	4.09096122	25.6029057	71.57313656	140.3432802	232.4668535	347.2985495	484.480537	645.5061168	830.6871652	1037.498096	1266.09619	1519.677612
753	4.09102557	25.60481427	71.57854472	140.3186141	232.4228519	347.3766908	484.5980763	645.3061529	830.4339951	1037.912436	1266.488388	1518.947574
761	4.0910889	25.60668435	71.58493423	140.2973137	232.3695774	347.4312093	484.7519431	645.1843438	830.0840899	1038.11657	1267.104686	1518.653711
763	4.09110365	25.6071451	71.5866737	140.2925803	232.3550875	347.4405847	484.7942256	645.1684328	829.9886195	1038.128346	1267.275285	1518.66391
770	4.09115761	25.60873818	71.59320217	140.2780731	232.3015488	347.4588445	484.9480708	645.162226	829.6525495	1038.04217	1267.8548	1518.964108
772	4.09117369	25.60918595	71.59517017	140.2745281	232.2856574	347.4597947	484.9923425	645.1746605	829.5606659	1037.983041	1268.001978	1519.118422
774	4.09118798	25.60963023	71.59718397	140.2712627	232.2695764	347.4588204	485.0362225	645.1933037	829.4724776	1037.909931	1268.135656	1519.298157
780	4.09123284	25.61094455	71.60348263	140.2631878	232.2206534	347.4443928	485.1625074	645.2846948	829.2397179	1037.618339	1268.431911	1519.950134
783	4.09125434	25.61158815	71.6067349	140.2600949	232.1961314	347.4309109	485.2207125	645.3483982	829.1467625	1037.441389	1268.510288	1520.310028
786	4.09127809	25.61222914	71.61012778	140.2577672	232.171677	347.4131677	485.2747313	645.423292	829.072329	1037.249045	1268.536559	1520.671697
794	4.09133724	25.61389298	71.61943766	140.2547608	232.1084162	347.3475016	485.3905708	645.6621691	828.9795714	1036.716498	1268.355317	1521.50578
800	4.09137946	25.61510322	71.62668919	140.2556805	232.0640326	347.2826664	485.4450292	645.8631765	829.0178881	1036.351229	1268.009078	1521.882135
804	4.09140779	25.61589227	71.63162238	140.2577855	232.0365162	347.2333602	485.4637865	645.9985472	829.0939857	1036.149839	1267.70693	1521.971768
808	4.09143599	25.61666601	71.63661619	140.2610584	232.0110085	347.1801569	485.4677854	646.1292059	829.207006	1035.995692	1267.372039	1521.923499
816	4.09149216	25.61816989	71.64672505	140.270977	231.9670831	347.0657209	485.4311767	646.3574306	829.5221912	1035.861724	1266.696863	1521.445904
823	4.09154283	25.61943598	71.65559597	140.2830329	231.9374914	346.961922	485.3529804	646.4995234	829.8564515	1035.953229	1266.216541	1520.728113
829	4.09158455	25.62048722	71.66320453	140.2957819	231.9195358	346.8742788	485.2556799	646.5654229	830.1495852	1036.178551	1265.962401	1520.026485
832	4.09160301	25.62100167	71.66701365	140.302989	231.9133491	346.832001	485.1980239	646.5766971	830.2881841	1036.334331	1265.903503	1519.686788
834	4.09161953	25.62133987	71.66952253	140.3079883	231.9101772	346.8047071	485.1570012	646.5760546	830.374686	1036.450359	1265.891614	1519.47657
838	4.0916467	25.6220052	71.67450424	140.318557	231.9062981	346.7526683	485.0694809	646.5550161	830.5295438	1036.704945	1265.934638	1519.111701
848	4.09171436	25.6236098	71.68668216	140.3478535	231.9109669	346.6421346	484.8311342	646.3931912	830.7719204	1037.382657	1266.410407	1518.677322
853	4.09174883	25.62438182	71.69256216	140.3636487	231.9206418	346.5998228	484.7098981	646.2619434	830.799043	1037.683743	1266.801501	1518.77074
860	4.09179481	25.62543216	71.70059477	140.3869724	231.9424678	346.5580329	484.5480465	646.0357696	830.7233082	1037.994254	1267.422957	1519.238851
865	4.09182934	25.62616131	71.70609786	140.4039588	231.9629421	346.5411122	484.4440274	645.8560098	830.593815	1038.108463	1267.847221	1519.755479
868	4.09184878	25.62659101	71.70934359	140.4144063	231.9774132	346.5367266	484.3879597	645.7441114	830.4882892	1038.127468	1268.070502	1520.109487
874	4.09189027	25.62743389	71.71559526	140.4352243	232.0097628	346.5399061	484.2934331	645.5223439	830.2293483	1038.052942	1268.400712	1520.830588
881	4.09193985	25.6283928	71.72252137	140.4593143	232.0526919	346.5636019	484.2174841	645.2827391	829.8723709	1037.788878	1268.535266	1521.539648
886	4.09197178	25.62906252	71.72725254	140.4763696	232.0864464	346.5935636	484.1889161	645.1354315	829.6022781	1037.502396	1268.446481	1521.858939
892	4.09201491	25.62985335	71.73265015	140.4962398	232.1288466	346.6415558	484.1835687	644.9961319	829.2894263	1037.088948	1268.150626	1521.966453
900	4.09206876	25.63088899	71.73940727	140.5215772	232.1873573	346.7231911	484.2252708	644.8878001	828.9338431	1036.493473	1267.506707	1521.619729
906	4.09211123	25.6316559	71.74415939	140.5395252	232.2314825	346.7945186	484.2903872	644.870917	828.7426728	1036.076366	1266.922344	1521.049236
910	4.092138	25.63216384	71.74718586	140.5509287	232.2605221	346.8454121	484.347878	644.8908429	828.6605854	1035.837561	1266.5272	1520.570043
915	4.09217347	25.6327979	71.75081764	140.5644811	232.2958597	346.9110738	484.4325476	644.948731	828.6137564	1035.6032	1266.06838	1519.921678
919	4.09219875	25.63330328	71.75361612	140.5748088	232.3233296	346.9647611	484.5092931	645.0202235	828.6227884	1035.47726	1265.753136	1519.40445
922	4.09222042	25.63368182	71.7556574	140.5822601	232.3433896	347.0053172	484.5711835	645.0873758	828.6568423	1035.423177	1265.558945	1519.040555
927	4.09225503	25.63431737	71.75895504	140.5940085	232.3751384	347.0713813	484.6780654	645.2182394	828.7594801	1035.411731	1265.334866	1518.528146
933	4.09229904	25.63508335	71.76276997	140.6071823	232.4108043	347.148098	484.8107315	645.4019236	828.9524473	1035.527776	1265.248812	1518.124611
940	4.09234684	25.63598541	71.76706445	140.6213506	232.4487145	347.2316294	484.9637807	645.6364412	829.2495397	1035.821381	1265.411321	1518.020609
946	4.0923898	25.63677219	71.77065819	140.6325919	232.4779642	347.2965055	485.0872397	645.8393835	829.5381632	1036.172252	1265.751387	1518.256668
950	4.09241996	25.63730472	71.77302941	140.6397096	232.4959328	347.3360966	485.1638242	645.9701132	829.7359172	1036.437034	1266.057163	1518.560744
955	4.09245478	25.63798163	71.77599121	140.6482833	232.5168555	347.3814386	485.2518083	646.1235203	829.9772082	1036.780166	1266.493865	1519.063651
961	4.09249848	25.63880896	71.77956089	140.6582333	232.5400994	347.4303264	485.3458348	646.289418	830.2464013	1037.182979	1267.048421	1519.773307
965	4.09252921	25.63937173	71.78197137	140.6647605	232.5547314	347.459987	485.4016393	646.3874536	830.4074951	1037.431	1267.406169	1520.259994
969	4.0925584	25.6399444	71.78441966	140.671277	232.5689065	347.4877898	485.4525854	646.4756234	830.5520135	1037.6556	1267.737226	1520.724595
971	4.09257295	25.64023452	71.78566139	140.6745511	232.5758898	347.5011509	485.4765011	646.5163027	830.6180888	1037.758236	1267.889747	1520.941853
975	4.09260272	25.64082271	71.7881864	140.6811704	232.5897871	347.5271401	485.5218822	646.5918285	830.7388507	1037.944254	1268.166038	1521.337797
980	4.09263853	25.64157207	71.79142654	140.6896381	232.6072776	347.5589426	485.5754869	646.6778395	830.8719907	1038.144322	1268.458757	1521.754829
998	4.09277573	25.64443286	71.80416704	140.7235962	232.6776421	347.6848296	485.7802664	646.9897569	831.3250401	1038.779324	1269.324777	1522.909697
999	4.09273643	25.64428389	71.80402396	140.7238476	232.6789036	347.6879339	485.7862489	646.9998413	831.3406254	1038.80197	1269.356186	1522.951705
999.5	4.0913439	25.63565413	71.78004621	140.6772198	232.6024029	347.57451	485.6290246	646.7921248	831.0759225	1038.473997	1268.958658	1522.47921
