0	4.05962265	25.43971109	71.23883765	139.6313681	230.896982	345.0654804	482.1747113	642.263909	825.3447285	1031.405899
6	4.04926272	25.38442619	71.10703292	139.4158332	230.6148326	344.7456339	481.8623026	642.0255712	825.2453951	1031.522391
9	4.04963179	25.39143628	71.13861118	139.499639	230.7854279	345.0431565	482.3372395	642.7166917	826.2172981	1032.826924
13	4.05008197	25.40054344	71.17875186	139.604208	230.9969065	345.4087189	482.9084772	643.5456664	827.3573842	1034.334786
17	4.05053342	25.40945616	71.21743933	139.7040741	231.1946397	345.7445918	483.4231465	644.275642	828.3366171	1035.593905
21	4.05097884	25.41841686	71.25501091	139.7992907	231.3777884	346.0511376	483.8788471	644.9052358	829.154006	1036.609559
25	4.05141671	25.42699692	71.2911257	139.8885688	231.5476968	346.3270544	484.2783848	645.4377004	829.8119422	1037.378428
29	4.0518458	25.43538773	71.32563778	139.9728414	231.703518	346.5719226	484.6201336	645.8701475	830.3128234	1037.900984
31	4.05205766	25.43944443	71.34257214	140.0133083	231.7759673	346.6833749	484.7697908	646.0495857	830.503999	1038.074362
35	4.05247446	25.44758927	71.37517829	140.0899558	231.9119073	346.8849734	485.0276896	646.3372503	830.7728915	1038.254683
39	4.05288693	25.45552877	71.40641959	140.1617717	232.0341343	347.0564905	485.2291096	646.5306923	830.8979051	1038.226474
44	4.05342277	25.46530731	71.44355359	140.2431054	232.1682977	347.2299748	485.40319	646.6471868	830.864615	1037.940977
47	4.05370556	25.47078614	71.46498382	140.289623	232.2389497	347.313395	485.4742915	646.6575295	830.7611019	1037.664257
51	4.05411425	25.47834127	71.492166	140.3457827	232.3223084	347.3994464	485.5218247	646.6034146	830.5328521	1037.196786
55	4.05452266	25.48557477	71.51814632	140.3971815	232.391992	347.4594257	485.523369	646.4834112	830.2297092	1036.665523
60	4.05504915	25.49444792	71.5487406	140.4539147	232.4596336	347.4974284	485.467228	646.2560663	829.77957	1035.976265
63	4.05533539	25.4995867	71.56625814	140.4851783	232.4932741	347.5037716	485.4050496	646.0874844	829.4829048	1035.58171
69	4.05594198	25.50962575	71.59873686	140.5382293	232.5369305	347.4766016	485.2300654	645.7068067	828.9009274	1034.90218
74	4.05646654	25.51757289	71.62345459	140.5737219	232.5523144	347.4182321	485.0442086	645.3678098	828.459	1034.507176
77	4.05674679	25.52232001	71.63761803	140.5925751	232.5557575	347.3740717	484.9216065	645.168843	828.2391078	1034.369728
80	4.05706423	25.52688683	71.65048198	140.6072197	232.5506527	347.3173286	484.7930485	644.9750853	828.043818	1034.287567
86	4.05766214	25.53577114	71.67451412	140.6306115	232.5274011	347.1871557	484.5302603	644.6363886	827.7915876	1034.356541
90	4.05805772	25.54147287	71.68897056	140.6407727	232.5006711	347.0890564	484.3603975	644.455875	827.7286398	1034.554753
94	4.05845157	25.54698525	71.70200839	140.6466568	232.4666477	346.9849403	484.1952867	644.3142931	827.7439202	1034.853184
97	4.05872884	25.55105415	71.71117435	140.6491377	232.4383355	346.907085	484.0837183	644.2406556	827.8125456	1035.140131
100	4.05903724	25.55487775	71.71928762	140.6481185	232.404235	346.8256831	483.9807641	644.1900704	827.9137124	1035.447268
108	4.05981052	25.56488051	71.7378223	140.6374086	232.302758	346.616366	483.768857	644.2014085	828.3700522	1036.378723
112	4.06019338	25.56955944	71.74535506	140.6271408	232.2471148	346.5201414	483.7006526	644.2769562	828.6692405	1036.84184
119	4.0608453	25.57739722	71.75561472	140.6025576	232.1462573	346.3721338	483.6516438	644.5134269	829.2539153	1037.553657
126	4.06147562	25.58452583	71.76223389	140.5693996	232.0425449	346.2553789	483.6850904	644.8528087	829.8356831	1037.999072
129	4.06178616	25.58752902	71.76373756	140.553035	231.9985439	346.2170909	483.7255383	645.019695	830.06244	1038.090625
132	4.06207565	25.59027934	71.76512473	140.5361089	231.9571911	346.1883533	483.7820906	645.1899726	830.2715877	1038.108711
140	4.06281181	25.59740854	71.76565076	140.487089	231.8547011	346.1504362	483.9859528	645.6613626	830.6735971	1037.828088
148	4.06353875	25.6036706	71.76225448	140.4332298	231.7681978	346.1710124	484.2583632	646.0901451	830.7910427	1037.086181
152	4.0638988	25.60650419	71.75918069	140.4056662	231.7326404	346.2030135	484.4084598	646.2667055	830.7309648	1036.597702
155	4.06415724	25.60869458	71.7565358	140.3846533	231.7095572	346.2352316	484.5300235	646.3772274	830.640303	1036.196405
162	4.06478663	25.61307916	71.74819666	140.335821	231.6691176	346.3344985	484.7939909	646.5423404	830.2380442	1035.221947
168	4.06531169	25.61642026	71.73949797	140.2957091	231.65012	346.4454751	485.0086544	646.5697777	829.7520886	1034.467949
177	4.06608173	25.6207833	71.72362774	140.2389451	231.6499544	346.6408698	485.2755302	646.4060437	828.8883239	1033.701146
184	4.06668353	25.62358842	71.70939757	140.198972	231.6710447	346.8055628	485.4062929	646.1187706	828.2101318	1033.508432
192	4.06738013	25.62613454	71.69165454	140.1607161	231.7172896	346.9924947	485.4621951	645.6616049	827.5756756	1033.770018
196	4.06768795	25.6272429	71.68230343	140.1441873	231.7483067	347.0812538	485.4514511	645.40077	827.3464488	1034.072336
200	4.06801773	25.62810649	71.67266564	140.1304566	231.7851612	347.1640719	485.4094757	645.1299257	827.1908469	1034.472141
206	4.06850796	25.62910792	71.65781954	140.1130641	231.847012	347.2740345	485.299585	644.7265677	827.1085992	1035.19692
208	4.06866664	25.62948238	71.65283659	140.1082357	231.869108	347.3043224	485.2496218	644.5975504	827.1258887	1035.460552
214	4.06915134	25.63003148	71.63757115	140.0980975	231.9419018	347.3837053	485.0665173	644.2442608	827.282792	1036.262656
217	4.06938627	25.63024488	71.63015752	140.0958136	231.9803789	347.4142527	484.9596259	644.090285	827.4269258	1036.65035
226	4.07009915	25.63035139	71.60735916	140.0942697	232.097643	347.4570825	484.5891403	643.7727552	828.0600189	1037.618117
228	4.07025448	25.6302417	71.60235041	140.0958538	232.1241831	347.457387	484.5018103	643.7333703	828.2315973	1037.773022
235	4.07079077	25.62975025	71.58535022	140.1062515	232.2144565	347.4295303	484.1905247	643.6945097	828.8913717	1038.097613
237	4.07094458	25.62950258	71.58056506	140.1104	232.2394748	347.4138085	484.1037729	643.712253	829.085813	1038.119851
239	4.07109545	25.6292805	71.57585552	140.1151514	232.2638663	347.3944156	484.0182663	643.7416246	829.2779722	1038.109308
246	4.07162548	25.62815112	71.56002921	140.1349476	232.3439983	347.3000682	483.7422169	643.9404849	829.907066	1037.819441
254	4.0722197	25.62645825	71.54320868	140.1658006	232.4212279	347.1472986	483.4909596	644.3141107	830.4668404	1037.059492
262	4.07280306	25.62423484	71.5279645	140.2034561	232.4795789	346.9587888	483.3357956	644.8015987	830.7616741	1036.020526
265	4.07301771	25.62330137	71.52279598	140.2193641	232.49541	346.8825166	483.3061968	644.9990279	830.7920052	1035.607358
269	4.07330405	25.62199464	71.51623316	140.241123	232.5117738	346.776157	483.2908413	645.2661347	830.7549726	1035.069221
277	4.07386882	25.61909808	71.50493486	140.2878278	232.5259829	346.560839	483.3454494	645.7792673	830.4398968	1034.157803
279	4.07400777	25.61832532	71.50243277	140.299957	232.5254252	346.5071088	483.3751733	645.8960916	830.3141538	1033.98365
283	4.07428536	25.61669102	71.49785119	140.3242611	232.5193417	346.4032156	483.4551899	646.1088531	830.0168953	1033.719019
289	4.0746951	25.61408668	71.4919238	140.3617445	232.4979285	346.2580591	483.6205104	646.3636	829.4851812	1033.539935
291	4.07483056	25.61316121	71.49047851	140.3740373	232.4880312	346.2136792	483.6858884	646.4286358	829.2921138	1033.55181
297	4.07523523	25.61025706	71.48665936	140.4114654	232.4487871	346.0934582	483.9062232	646.5524902	828.7015508	1033.767393
301	4.07550076	25.60831254	71.48488898	140.4356114	232.4148216	346.02711	484.0690522	646.5739537	828.316692	1034.055652
310	4.07608737	25.60367925	71.48314396	140.4874521	232.3211325	345.9242916	484.4593618	646.4350761	827.5959741	1035.032073
318	4.07660086	25.59934131	71.48434166	140.5292521	232.2199186	345.8919857	484.7992958	646.1163009	827.217645	1036.094736
324	4.07697798	25.59596059	71.48692488	140.5567757	232.1360056	345.9069974	485.0265348	645.7816406	827.1358687	1036.866826
326	4.07710288	25.59474149	71.48801683	140.5654101	232.1070697	345.9196672	485.0953444	645.6570779	827.1488023	1037.101463
333	4.07753408	25.59056411	71.49331045	140.5913381	232.0033479	345.9913916	485.2955204	645.1899076	827.3585426	1037.760129
342	4.07807675	25.58514919	71.50248284	140.6156347	231.8716156	346.1385541	485.4406724	644.5905678	827.9320328	1038.117938
346	4.07831282	25.58277396	71.5076006	140.6228022	231.8151601	346.2214722	485.4588975	644.3502971	828.2713465	1038.071767
351	4.07860811	25.57953015	71.51455582	140.6288961	231.747704	346.3371081	485.4443789	644.0931401	828.7389594	1037.831006
356	4.07889549	25.57657768	71.52224466	140.6307067	231.6851339	346.4612524	485.3838474	643.895413	829.219871	1037.415036
358	4.07900979	25.57530195	71.52548785	140.6303407	231.6617718	346.5133828	485.3473102	643.8336101	829.4089255	1037.203699
368	4.0795705	25.56903256	71.54334409	140.6210326	231.5628971	346.7805753	485.0759113	643.7130192	830.2448855	1035.925369
370	4.07968389	25.56779074	71.54718669	140.6171902	231.5468775	346.8333087	485.0051167	643.7256134	830.3763491	1035.654521
376	4.08001398	25.56400373	71.5592478	140.6025658	231.5080826	346.9865969	484.7725615	643.8400051	830.66934	1034.868184
382	4.08033496	25.56039743	71.5719045	140.5827345	231.4841634	347.1271627	484.5146592	644.0535886	830.7876284	1034.20268
389	4.08070656	25.55598394	71.58726574	140.5541487	231.4737618	347.2661132	484.2054736	644.4142366	830.6891024	1033.698309
395	4.0810198	25.55236989	71.60081631	140.5249924	231.4810977	347.3585128	483.9516783	644.7812485	830.4153408	1033.559406
400	4.08127424	25.54943969	71.61215018	140.4974715	231.4990232	347.4142627	483.7600358	645.1121446	830.071101	1033.666075
405	4.08152565	25.54645987	71.62366348	140.4683682	231.5259233	347.4488484	483.592859	645.4447296	829.6425504	1033.960046
409	4.08172446	25.54421121	71.63266742	140.443416	231.5540061	347.4591404	483.4820462	645.7011756	829.2634285	1034.309866
413	4.08192023	25.54195171	71.64177547	140.4178018	231.586847	347.4548063	483.3991321	645.9375795	828.8700967	1034.746264
420	4.08225391	25.5382573	71.65771376	140.3705251	231.6583067	347.4094207	483.31707	646.2785584	828.2104145	1035.648132
423	4.08240017	25.5365362	71.66425402	140.3504854	231.6923195	347.3780136	483.30863	646.3899868	827.9525836	1036.053708
431	4.08277187	25.53257444	71.68108326	140.2942349	231.7955384	347.2555656	483.3605408	646.560551	827.4116693	1037.068388
435	4.08295588	25.5305245	71.68933038	140.2665878	231.8516283	347.1786214	483.4222226	646.5715449	827.245343	1037.490375
441	4.08322708	25.52762365	71.70093244	140.2257971	231.938596	347.0447355	483.5683922	646.4934613	827.1378189	1037.936753
447	4.08349295	25.52492063	71.71166929	140.1864056	232.0276397	346.8949086	483.7628219	646.3064162	827.2157754	1038.119563
452	4.08370823	25.5228711	71.71975177	140.15575	232.1013546	346.7634946	483.9524247	646.0779001	827.4127053	1038.043213
456	4.08387859	25.52126618	71.72591034	140.1317245	232.1585556	346.6564525	484.1195316	645.858508	827.6560669	1037.843639
463	4.08417421	25.51844463	71.73554474	140.0938804	232.2538645	346.4700909	484.4254038	645.4184314	828.208103	1037.229523
471	4.08450134	25.51573316	71.74409463	140.0571886	232.3501143	346.2738925	484.7683004	644.8788397	828.9609497	1036.241047
478	4.08477874	25.51345798	71.75023737	140.0309296	232.420498	346.1283543	485.0371706	644.438813	829.6288238	1035.296823
485	4.08505279	25.51141835	71.75448327	140.0122804	232.4741478	346.0136635	485.2534628	644.0745933	830.2041438	1034.449394
491	4.08528047	25.50996075	71.75627766	140.0017611	232.5049709	345.9458658	485.3811053	643.851351	830.5636214	1033.901911
496	4.08546578	25.50894921	71.75672777	139.9964095	232.5201133	345.9137796	485.4420761	643.7470165	830.7409128	1033.637072
500	4.0856134	25.50805775	71.75662488	139.9961042	232.5248634	345.9044598	485.4608399	643.7154427	830.7939307	1033.564222
502	4.08568593	25.50773915	71.75609754	139.9963181	232.5243049	345.9055249	485.4586393	643.7172637	830.7862618	1033.577316
504	4.08575709	25.50740603	71.75575463	139.9972283	232.5226109	345.9102366	485.4488031	643.7363168	830.757435	1033.619338
512	4.08604047	25.50616969	71.75187435	140.0072997	232.4980596	345.9637794	485.3427424	643.919276	830.4521318	1034.085971
520	4.08634474	25.50542364	71.74609811	140.0273014	232.4502401	346.074803	485.1392205	644.281865	829.8823707	1034.960048
527	4.08654956	25.50477986	71.73793032	140.0503822	232.4502401	346.2052861	484.8873172	644.6930128	829.2372312	1035.884337
535	4.08680995	25.50453649	71.72718677	140.0851502	232.2977288	346.5996987	484.5558296	645.2231053	828.4702629	1036.927617
543	4.08706098	25.50456764	71.71392691	140.1270861	232.1938138	346.7338636	484.2075579	645.7455801	827.7861477	1037.725639
548	4.08721471	25.50483917	71.70453473	140.1562088	232.1238381	346.8660333	483.9998583	646.0319619	827.4583103	1038.018466
553	4.08736435	25.50524057	71.69435689	140.1878399	232.0504569	346.8660333	483.8018448	646.2697073	827.2372635	1038.11784
559	4.08754093	25.5058179	71.68166431	140.227275	231.9632506	347.0180802	483.6014403	646.4731575	827.1383854	1037.973856
565	4.08771428	25.50641408	71.66777323	140.268344	231.8768114	347.1555707	483.4471848	646.5681991	827.2139778	1037.552922
569	4.08782703	25.50707646	71.65780696	140.2966651	231.8206408	347.2363718	483.3746588	646.5684068	827.3733554	1037.152336
577	4.08804839	25.50845802	71.63753042	140.3527602	231.716782	347.3635811	483.3102734	646.4218393	827.8929801	1036.158925
587	4.08831178	25.5106995	71.6106203	140.4210991	231.6082646	347.4500556	483.3894008	645.987503	828.7970255	1034.845925
590	4.08839033	25.51139885	71.60206915	140.4405029	231.5812408	347.4572647	483.4468477	645.8150204	829.0931177	1034.497863
591	4.08841415	25.51174686	71.5993475	140.4470219	231.5725084	347.4576478	483.4655482	645.7523074	829.1874528	1034.387241
595	4.08851508	25.51270767	71.58851899	140.4719114	231.5441025	347.4522971	483.5710335	645.5059606	829.569262	1034.022011
600	4.08864158	25.51403738	71.57401487	140.5015732	231.515666	347.425043	483.7337179	645.1744071	830.0056407	1033.704273
603	4.088712764	25.51513974	71.56533941	140.5181643	231.5027721	347.3959662	483.8378781	644.9710346	830.2290099	1033.589211
605	4.08876304	25.51551858	71.56000285	140.5288701	231.497359	347.3753491	483.921563	644.8390405	830.3652885	1033.573963
606	4.0887872	25.51607078	71.55683159	140.5339103	231.4940007	347.3607068	483.9561329	644.7736397	830.4239924	1033.557609
611	4.08890404	25.51758953	71.54288043	140.5580438	231.4872566	347.2869451	484.1694538	644.4616565	830.6637899	1033.672694
618	4.08906843	25.51994087	71.52335781	140.5862323	231.496911	347.1536087	484.4794493	644.0942273	830.7934308	1034.148685
624	4.08920413	25.52210877	71.50701195	140.6055149	231.5202053	347.0179007	484.7365191	643.86604	830.700019	1034.795138
630	4.0893331	25.52447035	71.49084436	140.6191145	231.5563761	346.8676328	484.9751393	643.734258	830.4291544	1035.568272
636	4.08946301	25.52682131	71.47574167	140.6279269	231.6082038	346.7088751	485.1763615	643.7204663	830.017844	1036.390618
642	4.08958571	25.52956422	71.46078291	140.6306664	231.6690669	346.5494022	485.3309843	643.8113811	829.4869916	1037.11871
644	4.08962877	25.53026056	71.45642562	140.6301306	231.6933488	346.4963643	485.3708429	643.872795	829.31026	1037.350165
654	4.08982596	25.53484671	71.43393469	140.6189463	231.8207686	346.2564551	485.464036	644.3014849	828.3462757	1038.041231
658	4.08990373	25.53667411	71.42583946	140.6100073	231.8771748	346.1727435	485.4514368	644.53442	827.998681	1038.112402
667	4.09007238	25.54087975	71.40937835	140.5811553	232.0091463	346.0220383	485.3214415	645.1245214	827.3936047	1037.806157
674	4.09020126	25.54425025	71.39842076	140.5507971	232.1125084	345.9480331	485.1329605	645.5926888	827.1593027	1037.177796
676	4.09023557	25.54522193	71.39559706	140.5409663	232.1414253	345.9346223	485.0674446	645.7193887	827.1369401	1036.951432
682	4.09034128	25.54816341	71.38798697	140.5086217	232.2251995	345.916056	484.8462183	646.0637532	827.1936756	1036.194248
690	4.09047752	25.55213386	71.37991596	140.4595713	232.3265447	345.9426811	484.5126041	646.4026946	827.5463606	1035.135417
692	4.0905124	25.5531333	71.378279	140.4463923	232.3494585	345.9584021	484.4259179	646.460629	827.6784537	1034.886102
699	4.09062812	25.55663376	71.37373276	140.3979315	232.4202308	346.040229	484.1249818	646.5676376	828.2460596	1034.138235
703	4.09069058	25.55864677	71.37201793	140.3688464	232.4533928	346.1047181	483.9610531	646.5594286	828.6226229	1033.831729
710	4.09080073	25.56218473	71.37059173	140.3162488	232.4969983	346.2444237	483.7037467	646.4253986	829.310402	1033.570578
717	4.09090725	25.56569198	71.37099903	140.262543	232.5206431	346.4100909	483.5016336	646.1554288	829.9473012	1033.695234
721	4.09096684	25.56769576	71.37212412	140.2317447	232.5247993	346.5132209	483.4172903	645.9508341	830.2540774	1033.93723
723	4.0909951	25.56869486	71.37291942	140.2164056	232.5242799	346.566238	483.3846364	645.8376999	830.3856165	1034.100482
731	4.09111099	25.57266584	71.37762688	140.1560535	232.5049255	346.7818833	483.3222998	645.3367114	830.7334749	1034.978718
735	4.09116848	25.57463286	71.38087652	140.126834	232.4850764	346.8881159	483.3336271	645.072495	830.7879129	1035.508055
738	4.0912099	25.5761114	71.38377358	140.1055235	232.4658263	346.9656708	483.3612727	644.8753264	830.7737276	1035.921581
745	4.09130508	25.57948179	71.39149925	140.0581277	232.4076716	347.1322371	483.484021	644.4440908	830.5648908	1036.847784
753	4.09141192	25.58327598	71.40242007	139.8926175	232.3202831	347.2896332	483.7164525	644.0442346	830.0635919	1037.679734
761	4.09151705	25.58698089	71.41531134	139.9667467	232.2145768	347.3995018	484.0231965	643.7967053	829.3725587	1038.088451
763	4.09154236	25.58789158	71.41881952	139.9573297	232.1858429	347.4184151	484.1077884	643.7633579	829.1840968	1038.111942
770	4.09163071	25.59104004	71.43202647	139.928527	232.07975	347.4554661	484.4166546	643.7449704	828.5201475	1037.941024
772	4.09165328	25.59192029	71.43599361	139.9214692	232.048267	347.4574812	484.5056026	643.7678799	828.3381897	1037.823879
774	4.09167852	25.59279396	71.44005293	139.9149662	232.0164131	347.4556491	484.5938194	643.8032169	828.1632642	1037.679258
780	4.09175151	25.59537035	71.45274596	139.8988762	231.9195231	347.427202	484.8479364	643.9806277	827.6993911	1037.103996
783	4.0917884	25.5966221	71.45925257	139.8926175	231.8709119	347.4004738	484.9648594	644.1052673	827.5121553	1036.755485
786	4.09182385	25.59787867	71.46613227	139.8880636	231.8225346	347.3653502	485.0739257	644.2539044	827.3616093	1036.377164
794	4.09191736	25.60111197	71.48487677	139.8820545	231.6972184	347.2353109	485.3072136	644.7296288	827.1656532	1035.328403
800	4.09198555	25.60345121	71.49946749	139.8838843	231.6092256	347.1070715	485.4169088	645.1324332	827.2319392	1034.605202
804	4.09203057	25.60496884	71.5093877	139.8880879	231.5546217	347.0096382	485.4548058	645.4044809	827.3774198	1034.203035
808	4.09207577	25.60645294	71.51942477	139.8946312	231.5039527	346.9045731	485.4631724	645.6674285	827.5977372	1033.89143
816	4.09216352	25.60931868	71.53972176	139.9144876	231.4165216	346.6787352	485.3910826	646.1270906	828.221569	1033.606685
823	4.09223958	25.61170661	71.55746185	139.9385242	231.3572232	346.4738187	485.2366004	646.4128401	828.8892543	1033.768554
829	4.09230447	25.61367826	71.57269076	139.9641047	231.3211377	346.3007348	485.0447307	646.5456416	829.478672	1034.204546
832	4.09233728	25.61464299	71.58034668	139.9787107	231.3088246	346.2173142	484.9312302	646.568833	829.7586862	1034.51254
834	4.09235946	25.61527092	71.5853565	139.9887521	231.3023708	346.16333	484.8504867	646.5678451	829.9329606	1034.742321
838	4.09240105	25.61650204	71.59529306	140.0099869	231.2943569	346.0602853	484.6783307	646.5266158	830.244927	1035.249462
848	4.09250713	25.61944019	71.61950773	140.0688822	231.3029523	345.8405825	484.2097768	646.2080477	830.732739	1036.610597
853	4.09255799	25.6208318	71.63111546	140.1005079	231.321679	345.7556275	483.9710765	645.9501602	830.7875236	1037.216236
860	4.0926314	25.62271519	71.64699632	140.1475297	231.3651945	345.6715705	483.6521995	645.5069211	830.6394252	1037.842602
865	4.0926829	25.62400109	71.65776714	140.1815291	231.4056789	345.6363541	483.4460312	645.1546937	830.3850732	1038.071573
868	4.09271237	25.6247585	71.66414905	140.2026325	231.4348479	345.6272575	483.3350283	644.9357109	830.1785629	1038.110992
874	4.09277491	25.62622415	71.67632245	140.244385	231.4995563	345.6320474	483.1462408	644.5007564	829.6724572	1037.965487
881	4.0928451	25.62786513	71.68967849	140.2924817	231.5853365	345.6771567	482.9919763	644.028424	828.9755998	1037.448687
886	4.09289658	25.62900144	71.69877213	140.3266316	231.6533805	345.736462	482.9329656	643.7368316	828.4485307	1036.890767
892	4.09295833	25.63032311	71.70902359	140.3661512	231.7385384	345.8315098	482.9186051	643.4578241	827.8356342	1036.086872
900	4.09303988	25.63202729	71.72168863	140.416256	231.8559972	345.9943034	482.996942	643.2352	827.132732	1034.927788
906	4.0930999	25.633269	71.73045732	140.4514785	231.944413	346.1371496	483.1240691	643.1942443	826.7481476	1034.110439
910	4.09314293	25.63408267	71.73597112	140.4737035	232.0024612	346.2392536	483.2375781	643.228861	826.5786667	1033.637841
915	4.09319486	25.63508686	71.74248837	140.4998486	232.0726684	346.3706058	483.4050564	643.3373224	826.4738486	1033.165757
919	4.09323474	25.635882	71.74745565	140.5196563	232.1271924	346.4783678	483.5583298	643.4761545	826.4825509	1032.905773
922	4.09326503	25.63647434	71.7510512	140.5338957	232.1670322	346.5601188	483.6830479	643.6092478	826.5450911	1032.790264
927	4.09331795	25.63745814	71.75674533	140.5559554	232.2292422	346.6918947	483.8966807	643.867289	826.7381008	1032.747011
933	4.09337924	25.63863418	71.76321884	140.5803493	232.298626	346.8446923	484.1629732	644.2340847	827.1149891	1032.956049
940	4.09345379	25.64000749	71.77034048	140.6060086	232.3713167	347.0098661	484.469969	644.705666	827.7069941	1033.52598
946	4.09351574	25.64119375	71.77614813	140.6257617	232.4260738	347.1360811	484.7152671	645.1125976	828.2852925	1034.220927
950	4.09355779	25.64199176	71.7799117	140.6379676	232.4589992	347.2119302	484.8659815	645.3736429	828.6822264	1034.750478
955	4.09361096	25.64300164	71.78453662	140.652306	232.4963825	347.2970242	485.036504	645.6768268	829.163955	1035.436994
961	4.09367536	25.64423171	71.79002823	140.6685077	232.5366879	347.3864339	485.2152797	646.0006504	829.6982336	1036.243786
965	4.09371904	25.64506603	71.7936896	140.6788697	232.561238	347.4389277	485.3184471	646.1878727	830.0130073	1036.735883
969	4.09376074	25.64591288	71.79737707	140.6890256	232.5843863	347.4866599	485.4099555	646.3521524	830.2898928	1037.175053
971	4.09378297	25.64634181	71.79923741	140.6940654	232.5955661	347.5090429	485.4518373	646.4261985	830.4139894	1037.37254
975	4.09382546	25.64721008	71.80300366	140.7041455	232.6174088	347.5515194	485.5291361	646.5599365	830.635145	1037.722746
980	4.09388206	25.64831628	71.80781607	140.7168868	232.6442842	347.6017866	485.6167251	646.7054834	830.8682108	1038.083928
998	4.09408228	25.65253008	71.8266127	140.7671307	232.7488707	347.7901312	485.9257906	647.1814096	831.5684687	1039.079901
999	4.09409354	25.65277688	71.8277422	140.7702235	232.7554327	347.8020974	485.9455238	647.211698	831.6125213	1039.141341
999.5	4.09204955	25.64006722	71.79240063	140.7014435	232.6424972	347.6345145	485.7130269	646.9042626	831.2203834	1038.655017
0	3.9317	24.699	69.309	136.11	225.46	337.48	472.26	629.86	810.28	1013.2
6	3.8939121	24.52758294	68.9643976	135.6710897	225.0692104	337.2992959	472.4809093	630.6969201	811.9319255	1015.86592
9	3.89868251	24.57434932	69.13114537	136.0524863	225.7682864	338.4342728	474.1702162	633.0657297	815.100708	1020.002816
13	3.9006596	24.61324384	69.29201694	136.4518338	226.5346722	339.7030353	476.0684694	635.731192	818.6713535	1024.658351
17	3.90267502	24.65160399	69.44960548	136.8346502	227.2648002	340.891344	477.8232267	638.1431512	821.8426444	1028.749022
21	3.90468419	24.68922887	69.60233913	137.2037001	227.9467705	341.9829657	479.4221087	640.289187	824.6025236	1032.21361
25	3.90668225	24.72595777	69.75042155	137.5532051	228.5882563	342.9907742	480.8393847	642.1699471	826.9161497	1034.95203
29	3.90865435	24.76314143	69.89304138	137.8848101	229.1869056	343.9067444	482.0929767	643.7271893	828.7255789	1036.928332
31	3.90963148	24.78108905	69.96273049	138.0445683	229.4682706	344.3274695	482.6509862	644.3945745	829.4427185	1037.604177
35	3.91157642	24.81645069	70.09839836	138.3507639	229.996646	345.0954793	483.6274716	645.4844366	830.4698327	1038.291821
39	3.91350757	24.8504734	70.22899428	138.6390957	230.4777343	345.7588915	484.4121858	646.2484857	830.9422388	1038.078744
44	3.91248886	24.87988048	70.35928469	138.9426793	230.9846452	346.428702	485.1006703	646.6790373	830.7090613	1036.518018
47	3.91732661	24.91885602	70.47479984	139.1599593	231.2975388	346.7842779	485.3795852	646.689427	830.1652385	1035.052186
51	3.91923371	24.95031873	70.59151253	139.3951603	231.6313038	347.1354587	485.5610165	646.4035727	829.0203762	1032.561838
55	3.92112429	24.98258398	70.70122546	139.6066717	231.9190432	347.3760807	485.5318659	688.7458486	827.4314588	1029.696566
60	3.9203922	25.01111	70.81549262	139.8321822	232.1962277	347.5229017	485.2238894	644.5866736	824.9956727	1025.892441
63	3.92488107	25.04403723	70.90751302	139.9779396	232.3351886	347.5311842	484.9189614	643.7724777	823.6158549	1024.207135
69	3.92767396	25.08960078	71.04780461	140.2032128	232.5137803	347.3734332	484.0209093	641.826816	820.7481783	1021.171844
74	3.92719741	25.11637544	71.14364019	140.3500495	232.5755266	347.0750419	483.0327305	640.0209221	818.5005163	1019.37989
77	3.93138062	25.14574144	71.21607455	140.4339997	232.5740493	346.8400446	482.4394873	639.1568312	817.7496055	1019.334571
80	3.93008191	25.15829792	71.26399487	140.4949373	232.5474093	346.5455455	481.7296438	638.104606	816.7679457	1019.012423
86	3.93334915	25.19996583	71.37158478	140.5956056	232.4166022	345.8698274	480.3962366	636.5459689	815.9467023	1019.946479
90	3.93483949	25.22473275	71.43595977	140.6373202	232.2743488	345.3590157	479.5327919	635.7620852	815.9045121	1021.175118
94	3.93672286	25.25005322	71.49431873	140.6598993	232.0967879	344.8241902	478.7498523	635.2269861	816.2299148	1022.774159
97	3.94048859	25.27423881	71.53910269	140.6652316	231.9478608	344.4669317	478.3458425	635.1840302	816.9258755	1024.410123
100	3.93952743	25.28665181	71.57129395	140.6583515	231.766733	344.0122647	477.7803764	634.905408	817.3358333	1025.675375
108	3.94584386	25.34199162	71.66552413	140.5822462	231.188669	342.9206832	476.9500217	635.5368456	820.1625228	1030.621399
112	3.9450681	25.35398568	71.68809463	140.5373564	230.9525087	342.5098925	476.6647117	635.7624479	821.0764703	1032.054497
119	3.95023934	25.39321556	71.73367831	140.4063371	230.4587113	341.8989511	476.7166011	637.1580979	823.8299335	1035.345177
126	3.95140705	25.42317825	71.76141599	140.2297668	229.9105342	341.3243649	476.9239555	638.6605314	826.3405429	1037.444988
129	3.9545753	25.43947785	71.76853945	140.1520853	229.7338451	341.2615003	477.2773583	639.5248215	827.4201167	1037.926023
132	3.95407984	25.44998938	71.77270047	140.0562561	229.4897715	341.0731333	477.4771658	640.224985	828.3036143	1038.046386
140	3.95760612	25.48258864	71.77043683	139.798318	228.9883903	340.9806835	478.5263992	642.352742	830.1655273	1036.556008
148	3.96108453	25.5121044	71.74920965	139.5206445	228.5873825	341.1735153	479.8300296	644.2824641	830.7358824	1032.510079
152	3.96280683	25.52562847	71.73189061	139.3796048	228.4297503	341.3603688	480.5315913	645.087662	830.4307639	1029.771225
155	3.96555175	25.53654301	71.71664979	139.2884815	228.3773067	341.6041966	481.1260847	645.6200635	829.9448006	1027.707054
162	3.96706336	25.55568723	71.67143041	139.0277343	228.1686889	342.0597134	482.308906	646.384352	827.9146796	1022.532751
168	3.96958046	25.57131098	71.62421498	138.8264133	228.1096747	342.6064071	483.2998809	646.5304264	825.3781661	1018.950316
177	3.97450613	25.59151563	71.54234849	138.570262	228.197998	343.5858105	484.5422886	645.7323272	820.992084	1016.139798
184	3.97616877	25.6042311	71.46603688	138.3597599	228.2913823	344.3169169	485.1654893	644.2627751	817.5978113	1015.759389
192	3.97939214	25.61584495	71.37358418	138.1799287	228.5581731	345.2038777	485.4482253	641.9051646	814.7437376	1017.704583
196	3.98098495	25.62053798	71.32499506	138.1056519	228.7245555	345.6227971	485.3882279	640.5636467	813.8502138	1019.346538
200	3.98256705	25.62454988	71.27537373	138.0430884	228.9111312	346.0194651	485.1918021	639.1956112	813.3557838	1021.331734
206	3.98491959	25.62905208	71.19952833	137.9698951	229.225136	346.5407072	484.6292877	637.1945824	813.3419	1024.717566
208	3.98569769	25.63011158	71.17331142	137.9513117	229.3368208	346.6953812	484.375955	636.5749307	813.5155506	1025.904743
214	3.98801268	25.63239944	71.09607988	137.9136887	229.6879528	347.0797241	483.4438997	634.9406063	814.5727169	1029.506807
217	3.98996248	25.63294279	71.0632417	137.9277974	229.8944195	347.2313853	482.9122419	634.3734018	815.4780859	1031.314977
226	3.99256222	25.63222822	70.94176811	137.9190848	230.4402439	347.4476088	481.0061652	633.0262742	818.4508341	1035.657431
228	3.99330952	25.63172452	70.91756575	137.9313125	230.5665006	347.4477168	480.5629734	632.9169256	819.2508434	1036.39103
235	3.99656345	25.6283149	70.83809765	138.0107999	231.0112173	347.3108246	479.0591654	633.0726942	822.2817556	1037.939432
237	3.99728417	25.62700634	70.8150873	138.0337894	231.1309026	347.2312031	478.6329787	633.2119234	823.1263126	1038.043958
239	3.99799974	25.62561363	70.79119831	138.0601107	231.2460992	347.1380956	478.2276205	633.4249801	823.983572	1037.986748
246	3.99990577	25.61909567	70.70705394	138.1526286	231.6212483	346.6552867	476.8782524	634.4062128	826.726295	1036.500702
254	4.00275947	25.60956542	70.62478342	138.3116662	232.0000201	345.8867308	475.7709629	636.2357042	829.2397643	1032.538393
262	4.00556094	25.59781244	70.55128815	138.5032441	232.2860013	344.9309651	475.1572522	638.4811596	830.6133957	1027.161852
265	4.00706398	25.59309236	70.53356758	138.5928548	232.3683974	344.5557713	475.119999	639.4173694	830.7433361	1025.132145
269	4.00841892	25.58592619	70.50270574	138.7010663	232.4501171	344.0257622	475.1174527	640.6231379	830.5716744	1022.518547
277	4.01108702	25.57075484	70.44911618	138.9301125	232.5208657	342.9560628	475.4878845	642.9082043	829.0046806	1018.333479
279	4.01174951	25.56675679	70.43710129	138.9896784	232.5179942	342.6969863	475.6640767	643.4461313	828.3913064	1017.609867
283	4.01306148	25.55808277	70.41654959	139.1099361	232.4900597	342.1923485	476.0776261	644.4003506	826.9071172	1016.595915
289	4.01500753	25.54453754	70.39059736	139.2939246	232.3864405	341.5026229	476.8990901	645.5744047	824.2705732	1016.229536
291	4.01564985	25.53978363	70.3836837	139.3542382	232.3352983	341.2900309	477.2057444	645.8666035	823.3137336	1016.400026
297	4.01756313	25.52510053	70.36714695	139.5366462	232.1367272	340.737619	478.2475305	646.444708	820.435875	1017.750794
301	4.01882309	25.51489532	70.36003276	139.6560327	231.9676683	340.4411783	479.0057388	646.540811	818.6183227	1019.251898
310	4.02136131	25.49034259	70.3502979	139.9094271	231.4900354	339.9847642	480.7786617	645.8625061	815.2803898	1023.827499
318	4.02382542	25.46769916	70.36007944	140.1173984	230.9760135	339.8924077	482.334035	644.2847169	813.7394757	1028.676573
324	4.02563843	25.45042982	70.37486955	140.2554016	230.5567492	340.0050688	483.3965449	642.639402	813.5801033	1032.18763
326	4.02623648	25.4444205	70.38163683	140.297906	230.4108243	340.0754326	483.7124551	642.0208213	813.699335	1033.262299
333	4.02848737	25.42408701	70.41368843	140.4289098	229.9041283	340.4648726	484.6565293	639.7754753	814.9215393	1036.343775
342	4.03091419	25.39583163	70.45930785	140.5503513	229.2428734	341.1779057	485.3473812	636.8965601	817.6577108	1038.0401
346	4.03205456	25.38341477	70.48535193	140.5873581	228.965705	341.5764335	485.4445127	635.7850917	819.2325206	1037.804844
351	4.03359551	25.36844478	70.52388778	140.6172978	228.6465911	342.1387194	485.3704444	634.6466327	821.3869286	1036.61754
356	4.03484826	25.35232706	70.56098925	140.6289592	228.3378087	342.719718	485.0713583	633.7374417	823.5304701	1034.523703
358	4.03539889	25.34581311	70.57741211	140.6286597	228.227195	342.9624494	484.8968019	633.4925188	824.403007	1033.479327
368	4.03810423	25.31441302	70.66870431	140.5805067	227.7615698	344.2178308	483.5659031	633.0837594	828.2111061	1027.161827
370	4.03863262	25.30829072	70.68808607	140.5614233	227.6909518	344.4666974	483.2208472	633.1853498	828.8159399	1025.836577
376	4.04020725	25.28983779	70.74909884	140.4879639	227.5155565	345.1931096	482.0807751	633.794183	830.1814679	1022.081607
382	4.04175772	4.04175772	70.81274364	140.388806	227.4094644	345.8563835	480.8255004	634.8474224	830.73564	1019.018317
389	4.04359467	25.25048636	70.89144085	140.243866	227.3810166	346.5240639	479.3430355	636.5449963	830.2651601	1016.875833
395	4.04507582	25.23257567	70.9593939	140.0978294	227.4281244	346.9714793	478.1363604	638.2758179	828.9322715	1016.433091
400	4.04623969	25.21772963	71.01624284	139.9596189	227.5139053	347.2360114	477.2302249	639.7628604	827.2546633	1017.060566
405	4.04748838	25.20367198	71.07472016	139.8116941	227.6556197	347.3977061	476.4650788	641.299905	825.1996973	1018.56577
409	4.0484317	25.19243312	71.12095214	139.6866532	227.7968104	347.4473814	475.9665862	642.4755292	823.3960392	1020.273419
413	4.04936374	25.18137915	71.16689967	139.5591329	227.9615528	347.4265598	475.5901907	643.5733461	821.5474766	1022.367332
420	4.05093826	25.16207047	71.24599872	139.3209521	228.3109795	347.2120674	475.2177547	645.158097	818.4376127	1026.507229
423	4.05164363	25.15477061	71.2797861	139.2192113	228.4804812	347.0556576	475.1968102	645.6949114	817.2739623	1028.38697
431	4.05341433	25.13484531	71.36576913	138.9408726	228.9800608	346.4579648	475.4643999	646.4820598	814.8103749	1033.088389
435	4.05428373	25.12524848	71.40695927	138.8034805	229.2486157	346.0768884	475.7906925	646.5314501	814.0700539	1035.04837
441	4.05556413	25.11129539	71.46611287	138.6034448	229.6657078	345.4250037	476.493372	646.1715277	813.6691622	1037.175865
447	4.05682055	25.09828942	71.52078699	138.4081589	230.0951265	344.6942864	477.4130005	645.252421	814.0746968	1038.035129
452	4.05783075	25.08794494	71.5630455	138.2539163	230.4501254	344.0534881	478.306703	644.1712006	815.055758	1037.688079
456	4.05864315	25.07983171	71.5943204	138.1396783	230.7272908	343.5371779	479.0862289	643.1117044	816.1599287	1036.72874
463	4.06004079	25.06698214	71.64339625	137.9562194	231.1907839	342.6485113	480.5193314	641.0206575	818.7294989	1033.773753
471	4.06158492	25.05346761	71.68946349	137.7774724	231.6621694	341.7147957	482.1367793	638.5006413	822.2090005	1029.081405
478	4.06289172	25.04274511	71.72035219	137.6528992	232.0060986	341.0214782	483.4107195	636.4493685	825.2932129	1024.661539
485	4.0641747	25.03347917	71.74201425	137.5586513	232.2684789	340.4782735	484.4436779	634.7740535	827.9802148	1020.719648
491	4.06524431	25.02645003	71.75241043	137.5074831	232.4240111	340.1618869	485.0580397	633.7305271	829.6715646	1018.218965
496	4.06611233	25.02133713	71.75607956	137.484318	232.498437	340.0133228	485.356607	633.2608087	830.5007255	1016.994199
500	4.06680028	25.01721484	71.75499307	137.4794799	232.5198133	339.9730747	485.4461387	633.1226322	830.7303268	1016.669127
502	4.06714027	25.01530109	71.75320987	137.4822874	232.5200765	339.9814135	485.4419772	633.1450517	830.7158146	1016.712724
504	4.06747535	25.01370249	71.75060844	137.4843768	232.5064996	339.9890414	485.3909642	633.1931445	830.5783295	1016.904553
512	4.06879325	25.00848037	71.73175261	137.5302277	232.3846673	340.2479282	484.8782127	634.0492111	829.1333921	1019.090088
520	4.07006863	25.00433725	71.70107854	137.6276785	232.1434835	340.765266	483.8876516	635.7303776	826.4472129	1023.096816
527	4.07115011	25.00280221	71.6627461	137.7392077	231.8373784	341.384333	482.7005744	637.6246412	823.4893435	1027.413275
535	4.07234981	25.00175215	71.60798907	137.9099947	231.4005159	342.270513	481.1316808	640.1150176	819.9355086	1032.340459
543	4.07350617	25.00279708	71.54194689	138.1158189	230.8932215	343.2612646	479.486256	642.5690604	816.8152487	1036.159102
548	4.07420491	25.00347499	71.49521082	138.2607021	230.5497936	343.914437	478.4947322	643.9418235	815.3011867	1037.56745
553	4.07488948	25.00628151	71.44552141	138.4128482	230.2011754	344.5501555	477.5824725	645.0794874	814.2639628	1038.054019
559	4.07569397	25.00924063	71.38126564	138.6080444	229.7774749	345.2982815	476.6423263	646.0597215	813.7522474	1037.350036
565	4.07647326	25.01363812	71.31113945	138.8098881	229.3608536	345.957944	475.8957366	646.5093402	814.0441913	1035.407577
569	4.07698237	25.01677599	71.2629899	138.9481558	229.0918919	346.3543175	475.5367776	646.5110575	814.7235558	1033.551137
577	4.0779725	25.02408064	71.16216699	139.2296626	228.5904527	346.9918631	475.2082172	645.8317162	817.0645035	1029.019118
587	4.07914882	25.03520503	71.02881481	139.5705785	228.0662707	347.4115482	475.5246899	643.8214455	821.2527916	1023.054638
590	4.07948836	25.03833885	70.9866953	139.6682711	227.9312755	347.4393555	475.7566326	643.0117527	822.6152908	1021.451378
591	4.07961099	25.04053905	70.97443417	139.7010754	227.8943739	347.4524657	475.8781639	642.7545849	823.0917609	1020.990406
595	4.080059	25.04600913	70.91833748	139.8267803	227.7486272	347.4170812	476.3383757	641.5772043	824.8887154	1019.22828
600	4.08059562	25.05237787	70.84793019	139.9748377	227.6030706	347.2749155	477.0686449	640.0579704	826.9739358	1017.67075
603	4.080928386	25.05784897	70.80748921	140.0586831	227.5429806	347.1495996	477.589539	639.1498496	828.0645744	1017.137619
605	4.08114074	25.06076307	70.78018025	140.1127296	227.5100672	347.047055	477.96374	638.5636163	828.7028411	1016.966465
606	4.08123124	25.0619396	70.76443166	140.1377403	227.4899189	346.9785989	478.1380467	638.2355244	828.9993617	1016.883552
611	4.08176254	25.07064403	70.69685237	140.2605466	227.4558998	346.62659	479.1540645	636.8406653	830.1443121	1017.263792
618	4.08245277	25.08241564	70.59828561	140.4028086	227.4766531	345.9840205	480.6123759	635.0781512	830.7381797	1019.21442
624	4.08302786	25.09402581	70.51833949	140.5009579	227.5751963	345.3341383	481.8809071	633.9790779	830.3123965	1022.110367
630	4.08359042	25.1055232	70.43925992	140.5706715	227.7433521	344.6293707	483.0359976	633.2883497	829.0480587	1025.735175
636	4.08423869	25.12091961	70.35493777	140.6188678	228.0288401	343.7685405	484.185332	633.1773908	826.8049056	1030.278051
642	4.08466421	25.13043824	70.29125636	140.6278658	228.2676122	343.1383313	484.7945885	633.4468262	824.8067032	1033.240557
644	4.08483002	25.13521595	70.2682591	140.626279	228.3771515	342.8925974	484.9891942	633.6782194	823.9695235	1034.291887
654	4.0856611	25.15756618	70.15856023	140.570769	228.9952045	341.7558704	485.4381623	635.5895443	819.6992566	1037.697465
658	4.08597507	25.16741368	70.11831756	140.5276593	229.2732036	341.3458775	485.3821326	636.6734269	818.1173247	1038.039678
667	4.08668432	25.18990569	70.04115272	140.3871801	229.9313704	340.6184029	484.7713095	639.496005	815.2901209	1036.640766
674	4.08726942	25.20950488	69.97902534	140.2157253	230.5147079	340.1989176	483.7425699	642.079374	813.95457	1033.322954
676	4.08732272	25.21092627	69.96705495	140.1903422	230.5839715	340.1354803	483.5839165	642.3917693	813.8347397	1032.795932
682	4.08773731	25.22620247	69.9276788	140.0327372	231.0052331	340.0083908	482.5634043	644.0713739	813.9028376	1029.471135
690	4.08827163	25.24649026	69.88543673	139.795093	231.5173926	340.0756287	481.0306275	645.7317371	815.3016095	1024.815776
692	4.08839982	25.25168246	69.87665288	139.7307453	231.6316797	340.1408815	480.6283868	646.0133425	815.864002	1023.693999
699	4.08885691	25.27087305	69.8578499	139.5024784	231.9911986	340.5154547	479.2654249	646.5275088	818.4563924	1020.301426
703	4.08909915	25.28124484	69.84843389	139.363171	232.1596376	340.8029302	478.5091255	646.4870564	820.2186236	1018.798018
710	4.08949269	25.2982763	69.82968273	139.1029161	232.3793243	341.4232897	477.2627299	645.8582681	823.4900325	1017.181861
717	4.08990537	25.31732141	69.83829503	138.8544765	232.4986033	342.2348003	476.3189454	644.6351574	826.6389304	1017.420118
721	4.09012035	25.32772727	69.84207905	138.707624	232.5211983	342.7326427	475.8873165	643.7131456	828.1417976	1018.316249
723	4.09022645	25.33296099	69.84504812	138.6346166	232.5178476	342.9902343	475.7105094	643.2026012	828.787889	1018.971383
731	4.09064359	25.35287684	69.86565257	138.3469684	232.4267176	344.056323	475.3052476	640.9734208	830.4894402	1022.860085
735	4.09083954	25.36325957	69.87886232	138.2066498	232.3313378	344.584454	475.2941265	639.7810324	830.7344721	1025.313844
738	4.09097207	25.36916985	69.8813636	138.089721	232.2366604	344.9616358	475.3206825	638.8656193	830.672698	1027.253814
745	4.091314	25.38787006	69.92765578	137.8754548	231.9619512	345.8125517	475.8496976	636.9540186	829.7185873	1031.843824
753	4.09167366	25.40716682	69.97875929	137.6362072	231.5498369	346.6056001	476.8641706	635.0647235	827.4895805	1035.950093
761	4.09201361	25.42593363	70.04011626	137.42593	231.0556319	347.1572194	478.2918427	633.7711927	824.4788541	1037.931362
763	4.09209645	25.43053433	70.05696249	137.3784836	230.9218922	347.2518263	478.6966183	633.5647851	823.6614605	1038.042579
770	4.09236773	25.44502793	70.10844841	137.2058244	230.4139056	347.4375775	480.1666662	633.1760617	820.6950702	1037.257123
772	4.09244333	25.44946054	70.12772417	137.1681504	230.2668527	347.4483055	480.6097481	633.217465	819.8842851	1036.729469
774	4.09252176	25.45385107	70.14751008	137.132956	230.1181106	347.4402087	481.0515047	633.3178968	819.0966086	1036.08527
780	4.09274911	25.4667598	70.20975628	137.0427741	229.6655111	347.3052841	482.3336879	633.9732665	816.9432405	1033.572407
783	4.09286501	25.47447026	70.25462067	137.0343991	229.4630023	347.1807791	482.9426251	634.5835963	816.1383475	1032.125741
786	4.09296564	25.47925768	70.27595417	136.9766506	229.2111616	347.0128641	483.4802851	635.135056	815.24675	1030.454149
794	4.09324231	25.49524994	70.36946927	136.9275617	228.6195551	346.4057891	484.6611457	637.3344091	813.9814416	1025.948752
800	4.09344569	25.50629237	70.4432543	136.9199769	228.1999244	345.8148348	485.1986734	639.2982459	813.9510154	1022.75049
804	4.09357409	25.51410901	70.49296484	136.9308478	227.9338465	345.3683328	485.4003293	640.6527253	814.4075302	1020.85999
808	4.09370016	25.52128861	70.54387066	136.95242	227.6845891	344.8894532	485.4437544	641.9803256	815.250854	1019.292139
816	4.09394369	25.53500981	70.64730568	137.0297963	227.2419682	343.8634203	485.1078152	644.3161447	817.98108	1017.428936
823	4.09415305	25.54743118	70.74899503	137.1694346	226.9829001	342.9752297	484.4092589	645.7688758	821.2689163	1017.75045
829	4.09432514	25.55624077	70.82688744	137.2842217	226.77751	342.1897866	483.5521067	646.418987	824.1901411	1019.286099
832	4.09440422	25.55986557	70.85575977	137.313879	226.636727	341.7476246	483.0229026	646.5340216	825.5473488	1020.370866
834	4.09445911	25.56272921	70.88154555	137.3604975	226.5914327	341.4948028	482.6634118	646.5313813	826.4354089	1021.37688
838	4.09456939	25.56829642	70.93270927	137.4603687	226.5228752	341.0063689	481.9001383	646.341944	828.0236206	1023.712514
848	4.09482896	25.58128682	71.0573381	137.7446315	226.4847222	339.9227922	479.8278562	644.9074384	830.4695537	1030.451784
853	4.09495816	25.58783105	71.12511309	137.9358941	226.6102002	339.5683685	478.8403564	643.8092507	830.7402449	1033.593546
860	4.09512858	25.59517937	71.19819199	138.1364234	226.6954365	338.9854817	477.3129249	641.8562274	830.0735734	1036.718984
865	4.0952491	25.60102213	71.26012237	138.3421035	226.9367611	338.8481287	476.4566116	640.4190094	828.9780177	1037.855468
868	4.09531955	25.60329269	71.28531974	138.4176216	226.9865469	338.639243	475.8084713	639.3943815	828.0719547	1038.051646
874	4.09546034	25.60918931	71.34653875	138.6317238	227.2759808	338.5536195	474.8423788	637.4999866	825.9132279	1037.395543
881	4.09562339	25.61567236	71.41796299	138.9071728	227.7506777	338.7647803	474.1132002	635.5174546	823.0911581	1035.217291
886	4.09573554	25.61948395	71.45743939	139.0585811	228.0088885	338.8373733	473.5272847	633.9888755	820.766391	1032.850189
892	4.09586875	25.62409705	71.50683169	139.2642668	228.4328323	339.2079791	473.2460253	632.5542076	818.1193756	1029.555111
900	4.09604717	25.62969473	71.56646507	139.5230096	229.0323637	339.9160871	473.3136477	631.1522877	814.8779545	1024.767429
906	4.09617732	25.6336562	71.60603468	139.7044219	229.4919458	340.587255	473.7186803	630.5970585	812.8673222	1021.240006
910	4.0962593	25.63610744	71.63049874	139.8184864	229.7951431	341.0870776	474.1533885	630.5012384	811.8203391	1019.07839
915	4.09639031	25.63959345	71.66385012	139.9758422	230.2387809	341.8888712	475.0280582	630.7743626	810.7683725	1016.269164
919	4.09645685	25.64134432	71.68072583	140.0583737	230.4871846	342.3930945	475.7245514	631.3620096	810.8297151	1015.473938
922	4.0965232	25.6427427	71.69350527	140.1176434	230.658753	342.7248337	476.1336006	631.5641171	810.4571036	1014.215696
927	4.09662822	25.64552279	71.71686194	140.2304665	231.0104775	343.4934621	477.3401053	632.868027	811.1762884	1013.663354
933	4.09675628	25.6484747	71.74033217	140.3411692	231.3597293	344.2883767	478.6821596	634.5063812	812.4237888	1013.639018
940	4.09690625	25.65173298	71.76368571	140.4474492	231.6990156	345.0972522	480.1699081	636.6069507	814.5722196	1014.840076
946	4.09703436	25.65446374	71.78184438	140.5277909	231.9594367	345.7493008	481.478657	638.7387375	817.3577055	1017.630874
950	4.09712088	25.65624686	71.79282781	140.5742006	232.1087112	346.1302692	482.2771135	640.1370355	819.4027151	1020.084465
955	4.09722692	25.65846005	71.80571454	140.6264814	232.2751598	346.5606611	483.2094799	641.8641998	822.1585929	1023.856488
961	4.09735518	25.66107528	71.81960172	140.6779792	232.4312552	346.958683	484.0815445	643.5353278	824.987622	1028.093864
965	4.09744197	25.66281814	71.82831027	140.7079403	232.5175359	347.1740635	484.5546134	644.4623668	826.6257248	1030.717879
969	4.09753062	25.66456818	71.83671135	140.7351442	232.5919174	347.3541663	484.9459226	645.232994	828.0140213	1033.020645
971	4.09757143	25.66544754	71.84083051	140.7479118	232.6253209	347.4325565	485.1134444	645.5615603	828.6098322	1034.025807
975	4.09766121	25.66721923	71.84897121	140.7721718	232.6859534	347.5695423	485.3989495	646.1144621	829.6101747	1035.725436
980	4.09776993	25.66946145	71.85906848	140.8007953	232.7527402	347.7104877	485.6770379	646.6331297	830.5287492	1037.275077
998	4.0981743	25.67794042	71.89720149	140.9043616	232.9739533	348.1237498	486.3881013	647.7920006	832.3463099	1040.043284
999	4.09817221	25.67812082	71.89855778	140.9087292	232.9839717	348.1428664	486.420562	647.8428427	832.4213527	1040.149118
999.5	4.09404548	25.6525798	71.8273888	140.769909	232.7555122	347.8030826	485.9480744	647.2166137	831.6207302	1039.153886
0	3.28050251	21.90356329	63.47943748	127.3274464	213.918558	323.3712669	455.7203918	610.9018368	788.5809808	987.1136054
6	3.10939519	21.48498741	63.03544959	127.2027763	214.3981874	324.7066436	458.1506537	614.6442544	793.8444734	993.9629039
9	3.13218509	21.62621921	63.4341213	127.9909615	215.7111059	326.6837357	460.9302205	618.3697012	798.6705416	1000.035499
13	3.14048202	21.74709153	63.84896384	128.8824927	217.2565267	329.056389	464.3019214	622.9151983	804.5866808	1007.530882
17	3.14843097	21.86703173	64.25946004	129.7604087	218.7718914	331.3699251	467.5697281	627.2958946	810.2643689	1014.811921
21	3.15621915	21.98582336	64.66481701	130.6232	220.251136	333.610749	470.7068775	631.4559313	815.6114275	1021.734652
25	3.16391668	22.10365225	65.06492771	131.469342	221.6887288	335.7640805	473.6788937	635.3299917	820.5023123	1028.081228
29	3.17155629	22.22066568	65.45970513	132.2966761	223.0783831	337.8141222	476.4490617	638.8387419	824.757926	1033.490921
31	3.17535961	22.27892726	65.65498583	132.7026732	223.7530758	338.7948194	477.7459	640.4270746	826.5779331	1035.64361
35	3.18294358	22.39468378	66.04079502	133.4976287	225.0569485	340.6537569	480.1284644	643.1927186	829.4235125	1038.127402
39	3.19050496	22.509499	66.42002036	134.2684456	226.2951831	342.3585291	482.179941	645.2755147	830.8390424	1036.500996
44	3.18613097	22.61599669	66.83046407	135.1328866	227.6741949	344.176654	484.1317409	646.6231959	829.7974123	1024.909245
47	3.20558475	22.7364114	67.15687954	135.7267105	228.535012	345.1926807	484.9840064	646.5756705	827.0804207	1012.716886
51	3.21310895	22.84832017	67.51324779	136.4083645	229.5156096	346.2550298	485.5417144	645.281555	820.8297952	994.6183755
55	3.22062466	22.95920362	67.86084155	137.0540581	230.387536	347.0276393	485.3857213	642.3836376	811.8661185	979.0259623
60	3.21793717	23.06744739	68.24296825	137.769841	231.2792428	347.515517	484.0476853	636.4741339	798.8662111	965.7979815
63	3.23564134	23.1774104	68.5268654	138.2242488	231.7484138	347.521756	482.5273996	631.9326919	791.9220028	962.5090194
69	3.24688949	23.33779146	68.99839091	138.9806532	232.3719074	346.7946418	478.0427847	622.0028881	781.3096509	960.4060976
74	3.24559919	23.44586319	69.34378838	139.5018403	232.5863023	345.3948893	473.0678768	614.2260582	776.2245145	961.9620652
77	3.26186929	23.54667688	69.58468914	139.7998614	232.5687766	344.1873141	469.8911445	610.7424844	775.4185374	964.925671
80	3.25740167	23.6027337	69.76858861	140.0331239	232.4387024	342.7413547	466.5506578	607.521642	774.7496107	967.3680301
86	3.26917235	23.75551354	70.16072149	140.4142267	231.8022234	339.2324504	460.5247462	603.8355175	776.403631	974.5789866
90	3.27700377	23.85540243	70.40281056	140.5779849	231.1004001	336.6019545	457.2164438	602.8806066	778.7033621	980.0610765
94	3.2848162	23.95341556	70.62835749	140.6634149	230.1854613	333.9010854	454.6279228	602.8856759	781.6752563	985.9003692
97	3.29921246	24.04114486	70.79827114	140.6739987	229.3765187	332.0101651	453.3817639	603.6864516	784.5495132	990.8381584
100	3.30650737	24.09680121	70.93384504	140.6387404	228.4539439	330.024019	452.1146887	604.3080923	787.0483152	995.1337968
108	3.31203833	24.28093185	71.27476758	140.3066322	225.6544751	325.7287934	451.0476224	608.0972696	795.3227236	1007.950199
112	3.31977911	24.36979182	71.4147146	140.0123547	224.141794	324.0922407	451.3096699	610.5766833	799.7510474	1014.39374
119	3.34008397	24.52920086	71.61033923	139.300594	221.5539755	322.2638358	452.94457	615.68108	807.8598463	1025.496436
126	3.34673531	24.66183115	71.73074247	138.3578929	219.0414062	321.2040959	455.1631538	620.9153179	815.4715809	1034.440818
129	3.35857792	24.72823494	71.76157244	137.9077418	218.1737705	321.2483569	456.5789492	623.5001305	818.7902791	1037.055807
132	3.35822473	24.77766899	71.77775385	137.4106254	217.2321922	321.1680729	457.7831477	625.7970307	821.6648257	1037.856274
140	3.37347328	24.92235623	71.75606481	135.9985721	215.335129	321.9784202	461.824883	632.2996354	828.1922204	1024.497911
148	3.38864608	25.05555741	71.63633845	134.5158876	214.0925514	323.5779927	466.2647079	638.3803115	830.5887919	992.4476623
152	3.39620469	25.11730794	71.5402986	133.7796752	213.696529	324.595576	468.5543152	641.0579661	829.0899299	976.4560329
155	3.40635478	25.16554063	71.45280788	133.2632706	213.5939386	325.5478241	470.3827211	642.8829427	826.2963057	966.3868745
162	3.41500961	25.25849532	71.20063904	132.0242867	213.3762181	327.6655157	474.2883583	645.7930966	814.4500093	950.4009895
168	3.42623141	25.33313558	70.93398873	131.0798374	213.573101	329.7645494	477.553046	646.4166408	799.9804876	945.8017088
177	3.44636611	25.43187421	70.46077645	129.9067901	214.3961634	333.2018941	481.8580854	642.3841329	779.0908491	949.6629503
184	3.45591491	25.49360555	70.03705525	129.121677	215.2392864	335.844895	484.2316686	634.6629364	768.3916535	957.0249931
192	3.4706229	25.55177151	69.51471837	128.4807208	216.5533866	338.91096	485.4046997	622.3772531	763.7516063	968.5032243
196	3.47794161	25.57510466	69.24322697	128.2508121	217.3051134	340.3895285	485.1383489	615.928104	763.9296338	974.9323276
200	3.48533986	25.59489495	68.96649459	128.0776737	218.1062144	341.8034071	484.1925573	609.882904	765.3670193	981.6666308
206	3.49613668	25.61708652	68.54700326	127.9231631	219.3881497	343.7479627	481.3983086	602.3190729	769.3017472	992.1506934
208	3.4997538	25.62277169	68.40719828	127.8982615	219.8335161	344.3352212	480.1045243	600.311041	770.9836103	995.7294456
214	3.51057732	25.63356329	67.98980736	127.9020789	221.2116573	345.859096	475.2736799	595.9923523	776.8402014	1006.492729
217	3.51788683	25.63557894	67.79184154	127.9764066	221.9520578	346.4694666	472.413711	594.8529172	780.2723544	1012.001336
226	3.53205011	25.62911842	67.18733867	128.2318339	224.074678	347.412129	463.2198949	594.4173351	790.9677714	1026.966376
228	3.53560548	25.62516737	67.0603717	128.3256549	224.5548735	347.4219594	461.1868005	594.9050934	793.5038645	1029.902457
235	3.54944289	25.60362021	66.63717376	128.7525202	226.2348323	346.7636721	454.6186284	597.9414852	802.647896	1037.235566
237	3.55292225	25.5955134	66.5198646	128.8873512	226.6974137	346.3715258	452.9729989	599.087752	805.2290314	1037.84266
239	3.55639345	25.58638323	66.40663363	129.0320888	227.1529011	345.8860748	451.4679178	600.3129941	807.7997978	1037.473437
246	3.56730053	25.54784947	66.02442984	129.5802968	228.6598057	343.4838625	447.2427158	605.3155136	816.3633606	1027.084304
254	3.58120181	25.49096441	65.64504498	130.3430438	230.2037968	339.5299549	444.6797257	612.1094633	824.8423267	1003.007955
262	3.59498591	25.42104249	65.32093104	131.2025168	231.4352225	334.7522722	444.3778303	619.5088494	830.0516856	977.6750536
265	3.60098375	25.39156233	65.22158535	131.561386	231.7974846	332.8535671	444.8140692	622.4150075	830.6214667	969.5054792
269	3.60774693	25.3499843	65.09221766	132.0333638	232.1704219	330.345121	445.711762	626.2056179	829.7804203	960.6661725
277	3.62118711	25.25851348	64.87841042	133.020737	232.5089641	325.5897449	448.5688197	633.5534298	822.0665737	951.0923875
279	3.6245	25.234	64.834	133.27	232.5	324.5	449.47	635.28	818.98	950.42
283	3.63119042	25.18328191	64.75758529	133.7884677	232.3598644	322.4729323	451.4515735	638.5396658	811.8194623	950.8393517
289	3.64112776	25.10293481	64.67051459	134.5688395	231.8375061	319.8992352	454.8046227	642.6822481	799.7245163	955.0443579
291	3.64442578	25.07508664	64.64896265	134.8304748	231.5778741	319.1788605	456.0082139	643.7981097	795.6328374	957.1861258
297	3.65426945	24.98857234	64.60639049	135.6133951	230.5546781	317.4574946	459.8060085	646.063883	784.0883443	965.1853854
301	3.66079289	24.92874341	64.59613796	136.1292486	229.6784394	316.6847798	463.453191	646.4606751	777.5346814	971.5104201
310	3.67498544	24.78837332	64.62039443	137.2477786	227.2376185	316.0070971	468.5230005	643.4046617	767.8948318	987.4552296
318	3.68783153	24.65809863	64.70453461	138.178811	224.6565704	316.5661154	473.8487162	636.1469028	765.9000014	1002.787614
324	3.69736708	24.55770927	64.80174377	138.8126122	222.5918716	317.6048489	477.5566099	628.7736766	768.0213017	1014.290259
326	3.70052708	24.5238512	64.84050467	139.0084268	221.8953826	318.0537499	478.7037136	626.1268874	769.2959098	1018.004549
333	3.71173829	24.40414676	65.00317162	139.6268303	219.4690681	320.0037846	482.2075465	616.6767465	775.4378731	1029.808503
342	3.725454	24.24822655	65.25638752	140.2237194	216.5498574	323.1478616	484.9802487	605.8907936	785.9797756	1037.825706
346	3.73158575	24.17824944	65.38810524	140.4093293	215.3623725	324.7436083	485.3934745	602.0554389	791.296608	1036.466882
351	3.73935049	24.09141352	65.56939499	140.5641218	214.0027891	326.8817544	485.0622976	598.3799936	798.2653559	1029.582606
356	3.7467326	24.00434672	65.76040056	140.6254667	212.8159385	329.0979995	483.7325841	596.0713314	805.2312586	1018.63734
358	3.74972923	23.96949586	65.84184882	140.6226613	212.3889303	330.0097389	482.9329388	595.5629175	808.0174241	1013.565084
368	3.76455473	23.79737466	66.28018937	140.3716927	210.7208143	334.6527079	476.9344488	596.3074904	820.8904169	987.0332917
370	3.76748767	23.76340308	66.37361432	140.2736348	210.4847503	335.5788352	475.4162448	597.0460285	823.0776184	982.0262919
376	3.77621774	23.66212507	66.6641004	139.8854532	209.975019	338.2976298	470.479662	600.2317108	828.2717159	968.7303717
382	3.78484553	23.56249699	66.96888771	139.3636973	209.7627137	340.8570114	465.2700103	604.6216893	830.5854066	959.159324
389	3.79486297	23.44882656	67.34046528	138.598186	209.8860104	343.509016	459.303324	610.8579016	828.4885184	954.1971737
395	3.80325752	23.35361861	67.66747322	137.8300746	210.2956073	345.3461755	454.6573706	616.7774446	822.6175372	955.4838965
400	3.81009677	23.27600879	67.94383667	137.1286052	210.8174265	346.4841108	451.3535578	621.942002	815.5238309	959.8631239
405	3.81701283	23.20036573	68.22605363	136.3730501	211.5225695	347.1990139	448.6278536	627.1741938	807.2308509	966.5567089
409	3.8224263	23.14120146	68.45198944	135.7448054	212.1924373	347.4215119	446.9640858	631.237465	800.2727415	973.1005182
413	3.82779328	23.08333314	68.67807758	135.0992544	212.9512777	347.3157707	445.7939524	635.0888545	793.3845055	980.4175089
420	3.8370018	22.98486757	69.07048012	133.9496014	214.4667859	346.3337425	444.9705076	640.9590123	782.3031953	994.3908002
423	3.84098853	22.94457277	69.2382683	133.4515418	215.1911575	345.608285	445.0961069	642.9823108	778.1822175	1000.673022
431	3.85131703	22.84007084	69.6733977	132.1411688	217.2654171	342.911816	446.7372908	646.2171561	770.1228818	1017.116939
435	3.85640247	22.79007407	69.88400744	131.5020804	218.3726987	341.2169935	448.2045588	646.4235809	767.9908774	1024.637817
441	3.86392992	22.71806371	70.18822897	130.5767078	220.0946324	338.3638284	451.0847714	644.8016081	767.4043315	1033.657561
447	3.87134397	22.64964586	70.47527165	129.7026856	221.8600161	335.2748178	454.6387448	641.0335615	769.8387877	1037.803526
452	3.87737247	22.59479469	70.69840585	129.0219877	223.3335822	332.62862	457.985826	636.608826	773.8410395	1036.078164
456	3.88217762	22.55335292	70.865614	128.5132395	224.5038326	330.5153179	460.8550801	632.4672284	778.0995415	1031.418634
463	3.89049912	22.48553732	71.12990821	127.7095817	226.4845476	326.9411137	466.1151833	624.5171322	787.2102729	1018.567552
471	3.89974734	22.41385227	71.38147315	126.9388995	228.5524963	323.2488409	472.1405503	615.3041316	799.133687	1000.807959
478	3.90761342	22.35627524	71.55234242	126.4054852	230.1005636	320.5270384	477.0393552	607.9297985	809.8365483	985.406094
485	3.9153877	22.30553869	71.67339242	126.0150761	231.3224711	318.423796	481.1702564	601.8809389	819.637822	971.983572
491	3.92188025	22.26595139	71.7341552	125.8017569	232.0502362	317.1851553	483.751219	598.1852724	826.2161712	963.364098
496	3.92714718	22.23529871	71.75465514	125.7021953	232.4028202	316.5934178	485.027297	598.1852724	829.6186117	959.1071129
500	3.93132822	22.2136635	71.75030341	125.6811489	232.5081805	316.421865	485.4029231	595.882747	830.6149445	957.9470132
502	3.93340088	22.2030737	71.73488829	125.6855078	232.4995793	316.4359553	485.3621001	595.9534946	830.4870503	958.1692575
504	3.93544993	22.19382829	71.72737163	125.7099811	232.4568869	316.5220323	485.1729541	596.2341053	829.946631	958.9482095
512	3.94352458	22.15930217	71.62743043	125.9187201	231.8811825	317.5209544	482.9990319	599.3875728	824.1216781	966.9608936
520	3.95136065	22.13246098	71.45614063	126.3215188	230.7336504	319.5232557	478.9303356	605.3771132	814.1226221	980.9390647
527	3.9580456	22.11572838	71.25150236	126.8288664	229.3378997	321.9913955	474.3260283	612.3111968	803.801741	995.9483291
535	3.96543439	22.1028447	70.95897055	127.5722168	227.3978429	325.4629849	468.455718	621.3352671	791.8363947	1013.861996
543	3.97258471	22.09755917	70.61051812	128.4742555	225.2151219	329.4383286	462.4267989	630.5299937	781.1234388	1029.359831
548	3.97692181	22.09737615	70.36719663	129.1120285	223.7724587	332.0662302	458.8005949	635.8478795	775.6393061	1035.646583
553	3.98119087	22.10121984	70.10785656	129.7996066	222.3145937	334.7134422	455.4247902	640.4043558	771.5515339	1037.860918
559	3.98617632	22.1090549	69.77641738	130.680456	220.5623915	337.8273332	451.8094829	644.4035771	768.9287188	1034.838646
565	3.99102928	22.12100256	69.42624495	131.6115066	218.8484892	340.7311866	448.8399917	646.3225372	769.233029	1027.108664
569	3.99418836	22.13134437	69.18448152	132.2535796	217.7433835	342.4738245	447.2947226	646.3507006	771.1690707	1020.357167
577	4.00033446	22.15735329	68.68430607	133.5685077	215.6702641	345.3022339	445.4674871	643.5601022	778.7959619	1005.173723
587	4.00768638	22.19992671	68.0378088	135.2183039	213.4246402	347.2262107	445.8823317	636.1186154	793.4967978	986.1620489
590	4.00982073	22.21433936	67.83944462	135.705141	212.8391079	347.4053246	446.6256778	633.3356993	798.5497242	980.9039545
591	4.01052714	22.22004038	67.77537531	135.8626256	212.6610887	347.4250355	446.9362244	632.3951736	800.2194608	979.2765992
595	4.01330812	22.24197795	67.51193365	136.4893085	211.9867995	347.2951908	448.4836863	628.4463157	807.0092944	973.1390963
600	4.0167045	22.27128862	67.18019236	137.241144	211.2752914	346.6927565	451.0732963	623.336307	815.1371221	966.8978779
603	4.01869917	22.29086774	66.98468078	137.6651874	210.9343663	346.1207506	452.9184176	620.2894787	819.4852808	964.2102716
605	4.02001244	22.30422595	66.85331544	137.9388057	210.7386955	345.6588852	454.2755067	618.2675514	822.1104782	962.909122
606	4.02066108	22.31059136	66.78582452	138.0740828	210.6469804	345.3961765	454.9907879	617.2394413	823.3430596	962.4000789
611	4.02386455	22.34667522	66.46193592	138.6975116	210.3247704	343.9250578	454.9653491	612.3995886	828.0874421	961.8274723
618	4.02819862	22.40042701	66.00975065	139.4492267	210.1881981	341.3732281	464.6556191	606.1980697	830.6150497	966.6214543
624	4.03178025	22.45072311	65.6320664	139.9564384	210.3890364	338.8837742	469.8358827	601.7931118	828.8936309	975.7025999
630	4.0352361	22.50477879	65.2638831	140.3261355	210.885976	336.2213563	474.7940893	598.5294627	824.3299219	988.2361235
636	4.03857271	22.56213929	64.90665917	140.5499653	211.6827927	333.4729653	479.1453716	596.7508254	817.9069778	1002.645085
642	4.0417855	22.62295373	64.56196681	140.6251681	212.7650937	330.7259302	482.5303961	596.7257846	810.386756	1017.037015
644	4.04283184	22.64381104	64.45002078	140.6184771	213.1864546	329.8249252	483.3904113	597.1543642	807.7534757	1021.44579
654	4.04786014	22.75394181	63.91559931	140.3448323	215.7105605	325.5077101	485.4027587	602.6307706	794.4621616	1036.383199
658	4.04978355	22.80028495	63.71434092	140.1322744	216.8872893	323.921275	485.1453651	606.2670919	789.3707874	1037.855195
667	4.05393126	22.90996563	63.29461001	139.4663788	219.7801945	320.7935845	482.6993399	616.6208068	779.2583166	1032.531906
674	4.05697259	22.99788626	62.98969646	138.7840238	222.1815843	318.8519028	479.4081006	625.7867264	773.3489214	1023.099995
676	4.05781521	23.02386161	62.90883674	138.5681998	222.8709277	318.40318	478.3161873	628.378301	772.1361152	1019.974093
682	4.06027602	23.10332975	62.68015499	137.8706394	224.9106205	317.3663603	474.7503547	635.6362871	770.0834953	1010.008369
690	4.06339447	23.21261533	62.40905618	136.8430451	227.4523332	316.8029519	469.578584	642.9540966	771.881523	996.3502128
692	4.06414297	23.24048046	62.34755965	136.5720309	228.035934	316.8245972	468.2511208	644.1926373	773.2462127	993.013444
699	4.06669664	23.34103888	62.16032162	135.5979413	229.8445273	317.4660331	463.6451	646.4075022	780.8496897	982.0950339
703	4.06809062	23.39871943	62.06436227	135.0182852	230.6962827	318.2280319	461.0510287	646.256178	786.9466484	976.5351289
710	4.07040526	23.49934524	61.91434961	133.9712943	231.8121359	320.2699936	456.6937755	643.8832106	799.6290771	968.7649895
717	4.07262619	23.60503002	61.81767187	132.9315991	232.4017614	323.1763599	452.8570569	639.604699	812.6348386	965.0395245
721	4.0738312	23.66493154	61.77370791	132.329939	232.5082673	325.1717726	450.9152212	636.5647846	819.2425729	965.3445131
723	4.07441454	23.69499248	61.75629694	132.0297132	232.4999669	326.2468026	450.0351833	634.9345976	822.1019531	966.3117034
731	4.07666658	23.81573609	61.7177922	130.8391485	232.0840775	330.9212686	447.2524078	627.9552583	829.517506	976.0958678
735	4.07773498	23.8762625	61.71760122	130.2536126	231.6675537	333.3807992	446.389931	624.3269497	830.6016122	984.3116334
738	4.07848838	23.91914648	61.71174174	129.8016559	231.266624	335.2391479	445.9770978	621.5361635	830.3460105	991.6449232
745	4.08024081	24.02734932	61.77430578	128.8332286	230.1269905	339.3352114	446.1988132	615.3616706	826.962978	1010.118985
753	4.08209342	24.14727376	61.87987904	127.7558912	228.4938144	343.300196	448.4535474	608.7573078	819.8480445	1028.546715
761	4.08381059	24.2656077	62.04011156	126.7451527	226.6120296	346.03477	453.0266244	603.165426	810.9599029	1037.379534
763	4.08421794	24.29486175	62.08879302	126.5043601	226.1128662	346.4933994	454.5103565	601.9906712	808.6050028	1037.840854
770	4.08556365	24.39280863	62.2639424	125.6705575	224.2735077	347.3761399	460.567659	598.740866	800.1493411	1035.050392
772	4.08593745	24.42126541	62.32763615	125.4533337	223.7403481	347.4251451	462.4847309	598.158635	797.773584	1033.303959
774	4.08630357	24.44952457	62.39478191	125.2421134	223.2026027	347.390703	464.4497756	597.745876	795.42369	1031.255972
780	4.08736162	24.53302107	62.61683704	124.6464881	221.5703891	346.8282432	470.4126341	597.6768054	788.6314594	1023.802592
783	4.08788937	24.57729797	62.76563762	124.4123863	220.7859384	346.3302238	473.2597038	598.4616335	785.5665056	1019.692727
786	4.08835471	24.61439341	62.8694864	124.1122367	219.9260369	345.6733742	475.9797267	599.6677524	782.4539378	1015.165979
794	4.0895869	24.71916535	63.25275192	123.5053146	217.7469374	343.4253543	481.7568069	605.9532447	775.7871342	1002.983484
800	4.09044492	24.79465857	63.57365124	123.136994	216.1440907	341.3509883	484.353609	613.2162824	772.5906704	993.9534426
804	4.09098643	24.8434042	63.80272993	122.9363137	215.0989501	339.834794	485.2021104	618.9129681	771.6801741	988.2058744
808	4.09150543	24.89081925	64.0433096	122.7737903	214.0775228	338.2386807	485.3913936	624.9030511	772.0245304	982.8208192
816	4.09247533	24.98146398	64.55637993	122.5712298	212.1224635	334.8822545	484.1025586	636.0824274	777.424818	973.7633052
823	4.09327595	25.05907738	65.07168263	122.6155743	210.6103623	331.9162283	481.6345812	642.959591	787.843948	969.0651578
829	4.09389717	25.11914048	65.50244823	122.7103764	209.3602709	329.304887	478.800577	645.9381485	799.8966877	968.5574203
832	4.09417305	25.14494948	65.68678078	122.7133469	208.6825994	327.9201257	477.1486279	646.4379451	806.362548	969.9246995
834	4.09436488	25.16364805	65.83538377	122.7873192	208.3077421	327.0548572	476.0331395	646.4297117	810.5509841	971.7499441
838	4.09473348	25.19986323	66.13582662	122.9753002	207.6016521	325.3409954	473.7055583	645.7270113	818.1811167	977.4928539
848	4.09558552	25.28347054	66.89796069	123.6875318	206.1244287	321.2041548	467.5203632	640.9939483	829.5079602	1002.658533
853	4.09598939	25.32391369	67.31447315	124.2869122	205.7006569	319.3749646	464.4450403	637.6551085	830.6098855	1017.054298
860	4.09648574	25.37079121	67.80758408	125.0147316	205.0132774	316.6722888	459.8624185	632.1035628	828.3513505	1032.201279
865	4.09683621	25.40504472	68.20795165	125.8378354	204.9765157	315.1394503	456.8584379	628.0229544	824.9757846	1037.05243
868	4.09701949	25.4213047	68.39246735	126.1824949	204.7714995	314.0295543	454.8526057	625.3018378	822.3311247	1037.854514
874	4.09739086	25.45529317	68.81168334	127.1954054	204.9041083	312.3095097	451.2346547	620.0319132	816.451594	1035.729903
881	4.09779998	25.4923673	69.29915031	128.6263888	205.6598108	310.8750778	447.4431232	614.0569091	808.9729009	1029.410937
886	4.09806203	25.51377835	69.58192787	129.5080357	206.1210553	309.7571193	444.5842278	609.5374054	803.0793363	1023.207344
892	4.09836725	25.53856896	69.92626651	130.7615764	207.2665312	309.0535464	441.6725944	604.4886666	796.0989376	1015.009046
900	4.09874786	25.56738493	70.3379431	132.4657913	209.3928125	308.8981469	438.3948481	598.1509374	786.8620471	1003.334634
906	4.09901488	25.58605809	70.60963619	133.7234766	211.4283924	309.5055428	436.5305797	593.817037	780.1542596	994.4152909
910	4.09918492	25.59721651	70.77295602	134.5327232	212.9748569	310.3205851	435.650529	591.1932234	775.8565585	988.51251
915	4.09939491	25.61037746	70.96822361	135.5679605	215.3240037	312.2546044	435.469896	588.6767608	771.1125717	981.6245386
919	4.09955085	25.61937622	71.09877805	136.2791358	217.0980663	313.9547505	435.5244033	586.7706795	767.3365581	976.0462759
922	4.09966594	25.62516239	71.17969467	136.7209286	218.2424513	315.0840102	435.4297925	585.1615995	764.5346586	971.602398
927	4.09985601	25.63498664	71.32106737	137.543303	220.7286034	318.579164	437.320644	584.3343497	760.8054683	965.6261813
933	4.10007691	25.64485088	71.45630468	138.3396812	223.3456479	322.9998057	440.526329	584.1932172	757.1804927	958.7603848
940	4.10032462	25.65449901	71.58027043	139.0759124	225.9665095	328.4287875	446.053999	586.0413601	754.4331211	951.7431163
946	4.10053319	25.66175654	71.66777529	139.5993553	227.96046	333.4292454	453.2942595	591.3788899	755.4111267	948.3360505
950	4.10066876	25.66606861	71.71584001	139.8830932	229.068171	336.4979773	458.8115101	596.9719502	758.2646526	947.8068027
955	4.1008394	25.67102552	71.76713119	140.1807968	230.2447423	339.9712916	466.1888051	606.9335114	766.2504708	951.2037105
961	4.10103822	25.67629468	71.81445036	140.4407934	231.2573512	343.0402335	473.5226578	619.6442715	780.5552782	961.2208172
965	4.1011712	25.6795383	71.84001114	140.5726606	231.7595788	344.5721774	477.4210135	627.6892387	792.738006	973.5791968
969	4.10130502	25.682621	71.86175383	140.6774239	232.1462532	345.7389078	480.4364688	634.406695	804.9512696	989.981433
971	4.10137211	25.68411576	71.87144076	140.7212285	232.3025825	346.2028001	481.6325493	637.1445464	810.4078462	998.7676101
975	4.10150198	25.68703618	71.88891235	140.7947334	232.5536996	346.9297963	483.4828243	641.3936931	819.2379798	1014.787844
980	4.10166965	25.6906023	71.90804497	140.865875	232.775801	347.5369599	484.9716034	644.7409302	826.2464798	1028.473304
998	4.10227795	25.70350992	71.96844687	141.0432907	233.2025057	348.4635169	486.8603107	648.4174593	833.1453307	1041.035601
999	4.102310425	25.70425347	71.97186421	141.0526794	233.2224886	348.5000757	486.9208065	648.5106589	833.2814329	1041.226265
999.5	4.09615207	25.66576715	71.86435583	140.8424687	232.8757001	347.9830366	486.2000471	647.5529647	832.0539119	1039.696424
